76561199471577465
76561198167251613
76561197992131668
76561198147948639
1720465254734890"
76561198027001016
76561198099232037
76561197962797835
76561198169460087
76561197976087543
76561198064794966
76561198258844880
1879400252105847"
76561198814891936
76561198177824291
1571159322989850"
76561198131217685
76561197998812398
76561198097864769
76561198003258884
76561197964831827
76561198278317542
76561199851213907
76561197962870010
76561198943681515
76561198075412070
1748607608568514"
76561198102376282
76561201124305027
1946000925431134"
76561198179044519
76561198148840457
76561198031072221
76561200489612055
76561198111940490
76561198049917395
76561198141639309
960222584103090">
76561198137679428
1714415348644255"
1758552814236816"
76561198312057910
76561198055369277
76561198408994881
76561198311303004
76561197994769788
76561198065599442
76561197973841003
76561198276590179
76561198080691067
2248191675221704"
76561198037882777
76561198050839487
76561198165157960
76561197991828377
76561198007651160
76561198017157536
76561198057518454
76561198087248619
76561198022036694
1890589294340002"
76561198187858265
76561198272026777
76561198830774421
76561197970641498
76561198119989990
76561198110463537
76561198040220288
76561198433848753
76561198025840707
76561198080879810
1713089345438280"
76561198098491569
76561198006036035
76561198007595481
76561198397238250
1672902159463438"
76561198041328238
76561198304406777
76561198354171701
76561198056176770
76561197968951877
76561198082685389
1506565029447624"
76561198102946639
76561198446657688
76561201466689693
76561198091091315
76561197960561638
1745437272166595"
76561198028131557
76561198085491167
1662765820458403"
76561198283737548
76561198154673048
76561197991803654
76561198100209915
1982203205184687"
76561198080253989
76561198205022528
76561198047170382
1906340749416463"
1717180328336350"
76561198173444531
76561198182989406
76561198049366933
76561198017566502
76561197999923636
76561198258643500
1836530576396007"
76561198210305060
76561198054201024
76561198139191186
76561198304781885
76561198450872566
76561198173147973
76561198150192157
76561198188357446
76561201289770104
76561198839894446
76561197991696475
76561198298130207
1776393679089251"
76561198083216185
76561198099049485
76561198144046427
76561198144658497
76561198172768161
76561198157911217
76561198119824199
76561198743978431
76561198055652515
76561197978231466
76561197974162669
76561198254718154
76561198138023956
76561198364701081
1736701323112836"
76561198064631972
1996969187044459"
1890990480961893"
76561197970780322
76561198066669348
76561198020756753
76561198815285598
76561202059673319
76561198108204045
76561198059361633
76561198005301168
76561198072835770
76561198016626167
1793371284017790"
76561197989261436
76561198326292577
76561197967658291
76561198011416234
76561198117187718
76561197998977819
76561197975525899
76561199947973448
76561198021880691
76561198479014412
76561198054562090
76561197995154206
76561198081398952
76561198068442781
76561197987156510
76561198247187382
76561198812365848
76561198049416171
76561198293476521
1886715441359070"
76561197971988413
1626845424100095"
76561198119866170
76561198051948704
1787480971331639"
1518998544892308"
76561198172792078
76561198107911341
1715963631773548"
76561198061518136
76561198091443945
76561198097615559
76561198119580593
76561198027006264
76561198038219236
76561198065801908
1795707403823169"
76561198131228535
76561198163365358
76561198187227794
76561198838619379
76561197972845332
76561198147325759
2174612872579427"
1947405328605335"
76561198033836745
1755772411168868"
76561198171099899
76561198828216526
76561198028799897
76561198029749538
76561198009474378
76561198142802945
76561198077096715
76561198131316009
76561198187572245
76561198176910997
76561198199654570
76561199145090889
1758938384221353"
76561198009664282
76561198033926654
76561198067274978
76561198133731579
76561197960301063
76561198843344387
76561197992624404
76561197991955627
76561199034590897
2051117331596329"
76561197999305648
1798669406838464"
76561197994681677
76561198277829258
76561198107329178
76561198290439117
76561198061593117
76561198055389629
2174599502570931"
76561198339376393
76561198102133599
76561198154884392
1701423016593496"
76561198053567663
76561197992288694
76561197967898577
76561198031608532
1925327987499752"
76561198026592025
1769217349788922"
76561198357087780
76561198261404541
76561197989681301
1719691118148006"
76561198248669276
76561198133109961
76561198141157682
76561198148281326
76561198255601106
76561197968476942
76561198154282838
1716462795056126"
1702693759850157"
76561198080580446
76561198133144075
1952142801502899"
76561198201505411
76561198038991965
76561198139761083
76561198020971536
76561197975864672
76561198851811775
76561198005557822
76561198064764051
76561198173279202
2157932894234175"
76561198027315777
76561198090260033
76561198055473998
76561198147142297
76561198044485624
76561198136978051
76561198400523412
1803030923115049"
76561197966412154
76561198012516392
76561198011563987
76561198123436068
76561198138849386
76561197992903178
76561198088445016
741825392608183">
76561197971190141
76561198435823122
76561198317972685
1623854024349371"
76561198073067561
76561198041346396
76561198066982720
76561198034219568
1916238598418956"
76561198030463321
76561197990949927
76561198166124123
76561197985898787
2164928113548394"
76561200722766032
2112166662189145"
76561198018453359
76561198016872892
76561200114410906
2028984417114940"
76561198036248659
76561198125281813
1749352938511957"
76561198090018668
76561198253539400
1865957620108387"
76561198084409713
76561198120707955
76561198380161121
76561198102394892
1990817620938014"
76561198332504830
76561198120223579
76561198166313707
76561197966525542
76561198155195442
76561198188968570
76561198212937475
76561198364750640
76561197968232063
76561198082433634
1342625715840861"
1706061929461032"
76561198096384878
76561198044132314
76561198087653077
76561198067216178
76561198030534374
76561198077440572
76561198122595493
1421855914582283"
76561197996843510
76561198084123478
76561198841934417
1791523454259083"
76561198027875921
76561198107813555
2086260064782719"
76561198297777707
76561198166440038
76561198163243797
76561197988351591
76561198067067857
76561197970726100
76561198002995723
76561198165556239
76561198046464181
76561198034173489
76561198058863473
76561198101438553
76561198452205903
1810140059008965"
1885234398182121"
76561199073045755
76561198009289193
76561198037558297
76561198131894810
76561198257011803
76561198151916673
76561198047485926
76561198157795960
76561198815896014
76561198254515794
76561198278590154
2416791505013381"
76561197999391929
76561198058891349
76561198101803599
76561198414414526
76561198010166349
76561198106265555
76561198171040958
76561198027005923
76561198120327054
1754072234714267"
76561198104395621
76561198070473780
76561199339008069
76561199209030026
76561198400558236
76561198008257265
76561198374995185
76561198254699671
76561198007703614
76561198036198466
76561197981028520
1607884259330867"
76561198294664784
76561198067548081
76561198077586502
76561198019262782
76561198402913790
76561200713511554
76561198027047510
76561197962897291
76561198175051181
76561198034647806
2116386511722632"
76561198017475278
76561197972937955
76561198132067741
76561198068622407
76561198054814053
2157292954284841"
76561197980408389
76561198381400443
76561198294427326
1818522758269282"
76561198468713578
76561198035190751
76561198120143068
76561197972959097
76561198009431960
1758106294279746"
1364570706978523"
1412235782213588"
76561198153820241
76561198009442945
76561198120445747
76561198060840968
76561198258503060
76561198137412481
76561198044194328
76561197999998661
76561198006055371
76561198307765544
76561198345022403
76561198141359974
76561197971694800
76561198346465092
76561198039033307
76561198104160442
76561198085133814
76561197999170529
76561198125620487
76561198104967265
1545849435514429"
1942065799172983"
76561198041331864
76561197988482913
76561198124131728
76561198267819842
76561198073500048
76561198087860278
76561198190298957
76561197993405452
76561198116990773
76561198141676620
76561198042302105
76561198061328510
76561198068804719
76561198050652544
76561197996139049
76561198190331221
76561198050293645
76561197993500337
76561198113064273
76561198282657484
76561198438092319
1622955931155669"
76561198176417339
76561198060061318
76561198031386400
76561198441758509
1911749395558766"
1812860912123183"
1557995940978645"
2351531854874015"
76561198048776699
76561198027219489
76561198040837807
76561198274290599
1889119631118640"
76561198109191969
1644101209036454"
76561198313873855
76561198669357375
76561198028540693
76561197985305495
76561198070054592
76561198070221230
76561198048509552
76561198039459284
76561198294044118
76561198127477426
76561198122961625
1315004945269683"
76561198322705667
76561198113295820
76561198004824538
76561198119202579
76561198058243237
76561198138297727
76561198046612694
76561198118280159
76561198037846639
76561198126158571
76561198146153336
76561198405865167
76561197962377245
1824253954327933"
76561198373159194
76561198151302901
76561200157930372
76561198814552383
76561198063383508
76561198135246382
1766178783448139"
1974547305910463"
76561198006171350
76561198120721967
76561198043914934
76561197964253148
76561198097042313
76561198127029671
76561198018558875
76561198346085262
1868475519878097"
76561198088089974
1754156791358975"
76561198120279727
76561198321531378
76561197960412987
76561198136476759
977449312379542">
76561198070574192
76561198082013930
76561198026168218
76561198308290237
76561198148465873
76561198142139257
76561198017075216
978338048958229">
1975518115823036"
76561198116230248
76561198071012477
76561198323748838
1674232412684144"
1753448571406342"
76561198084246168
76561198137468566
1849411641810118"
76561198097524896
76561198333511132
76561198013538309
76561197972432270
76561198037112996
76561198098764522
76561198026117088
76561198126440144
76561197969871752
1754642307932876"
2047076348660113"
76561198449182868
76561198031602106
76561198088267277
76561198052813716
76561201523162004
76561198122626452
76561198000127404
76561198346443828
76561198216460259
76561198071401222
76561198135391712
76561198272388280
2260498197301194"
1758311580920319"
76561197980686216
76561198270939966
76561198061135216
76561197996459426
76561198183746495
76561198804470833
76561198073732029
76561198224732448
1690005414429952"
76561198178902339
76561198121459950
76561198007154478
76561197970722241
76561198088300618
76561198181991977
1927384637292029"
76561198364764460
1960098850730817"
76561198031380523
76561197972276300
76561198156100930
76561198071098204
76561198062744281
76561198272656906
76561198056155857
76561198092862016
76561198103535081
76561198359413495
76561198122977603
76561198073228146
76561198112616496
1373015329466604"
76561198093436707
76561198152361514
1830893636950136"
76561197961832667
76561198065473834
76561198073992827
2148306391865942"
2050702318297886"
76561198052587003
76561198035743993
76561198071627271
76561198045522476
76561198027551211
76561198278528836
76561198396091595
76561198072550566
76561198141971441
76561197977707483
76561197973376066
76561197990370734
76561198053524294
76561198125807621
76561198308216683
76561198145920537
76561198060902148
2312935838720686"
76561198276242917
76561197971293767
76561198103416587
76561198070778497
76561198111229458
76561198002740308
76561198052338791
1772287612809325"
76561198062547070
76561198257057053
76561199783236301
76561198062381431
76561198059756231
76561198416070470
76561198058333138
1693973023973761"
76561198029984091
76561197991850867
76561198065501417
76561198121125578
76561198014560000
76561198838210022
76561198399621231
2176193595727504"
76561197997626819
76561198064785195
76561198192040278
76561198351735624
76561198014560844
76561198315637028
76561198309947036
76561198065529981
76561198443397140
76561200416053509
76561198004029880
76561198034463418
76561198030380142
1647241065331573"
76561198142222097
1699552176790188"
76561198074422163
76561198056837573
76561198018375575
2070935576310981"
76561198096210205
2242137592493735"
76561198014928263
76561198162920476
1534943626632105"
76561197993663553
1751481671588074"
76561197964839524
76561201521700021
1944789455572997"
76561198353543007
76561198065699215
76561198045531227
76561198382073654
76561198146639212
76561198013458566
76561198056079165
76561198042109337
76561198160948472
76561197999905321
76561198006576240
76561198070972868
76561198121239898
76561198819166501
76561198103408071
1538244406285480"
1699142046829175"
76561198023188780
76561197967987990
76561198086090838
76561198064401658
76561197994109495
76561198010026889
76561198035115967
76561198110048955
76561198183133163
1847644171961468"
76561198048381282
76561198286862712
76561198768176479
1682670135134689"
76561198264902287
76561198046448191
76561198149115874
1596596117116297"
76561198378896681
76561198011565490
1815193271873470"
76561198059194950
76561198192425435
76561198176961737
76561201692890047
76561198011172579
76561198002532173
76561197992589925
76561198276191560
76561198047558088
76561198060133280
2160285437320107"
76561198119001638
76561198198719563
76561198814113050
1946476345420208"
76561197976412009
76561197974525236
76561198841214701
76561198796419271
1437075863064973"
1960180460681321"
76561199448771815
76561198011604402
76561198080278482
76561199473705711
1648867811891059"
76561197979144949
76561197970780969
76561198019728073
76561198047556895
1647751005333854"
76561198949950006
2155843704430975"
1987463224606200"
2111867765521459"
76561198353363964
76561197980551647
76561198804928840
2288167304556813"
76561198208886308
76561198028942204
76561198065747728
76561198063294091
76561198312361865
76561198228509920
76561198073191963
76561198034216370
76561198105546450
76561198055187311
1379905672110317"
76561198068139159
2270752766268540"
76561198031436498
76561198038041227
76561198375739771
76561198073617469
76561198044709099
76561198166705337
76561198114278631
76561197999645707
76561197967534138
76561198069983849
76561200344656650
76561198042115219
76561198271785626
76561198216692452
76561197965606757
76561198093473014
76561198104412368
1779872495406647"
76561197995197644
76561198701522703
76561202225593820
76561198059381746
76561197995743081
76561198068206728
76561198142606526
76561198023518063
76561198041231545
1970534626314885"
76561198091775205
76561198115427269
76561198237677720
76561198035245376
76561199246366590
76561198003795389
1888995551170693"
76561197981027693
76561198045662528
76561198203241322
76561198044735271
76561197969387555
76561198037961183
2047456761993153"
76561199352228860
76561197963429044
76561198004647882
76561198032049897
76561198850914862
76561198278494472
76561198019555549
76561197982509112
76561198055476187
1371466019620588"
76561198025121542
76561198118536761
76561200108314784
1724459361008223"
76561198196024758
76561198035595392
76561198000063827
76561198121580738
76561198127374737
76561198019031079
76561198154860667
76561198275992369
76561198250960216
76561198062926564
76561198307158908
76561198118688499
76561198008341903
76561198114240682
1306677906101537"
76561198071233728
76561198084913916
76561198177723053
76561198121042653
2040243142714079"
76561198032164332
1836363686425913"
76561202036698158
76561198244624110
740870066036822">
76561198038129952
76561198169272878
1664528843643874"
76561197962766761
2019558198068695"
76561200996116215
76561198152585934
76561200512412854
76561198127442515
76561197998657707
76561198030249257
76561198832656550
1673257866105173"
76561198174078951
76561198043834890
76561198024541448
76561198121010353
76561198109741092
76561198238893766
1752293544891844"
76561198034348506
76561198092425389
76561198045358946
76561200815628199
76561198043221342
76561198066566679
1666993020077037"
76561198013975150
76561198053144695
76561197964058386
1846959638717688"
76561198016253092
76561198077892862
76561198297854846
1750188375089376"
76561198071921080
76561198084531578
76561198343006101
76561198091428286
76561198042706300
1788226531226855"
76561198254010310
2154811047869401"
76561198059333592
76561198972814312
1752280571552350"
76561198081427789
76561198189048271
76561197989933165
76561198105313396
76561197988529885
76561198179146822
76561197963745769
76561198360328842
76561197994792330
1392084057558289"
76561197960294884
76561198076785645
76561197978014277
76561198036062443
2089661044407892"
76561198338800674
76561198218585905
76561197993984699
76561197995383445
76561198070898183
76561198825766809
76561198038658672
76561198082229577
1864102613654677"
76561198066474705
76561197994005229
76561198008516818
76561198009881830
76561198079374891
76561197978113103
76561198089044222
1839877009438539"
1680189378755212"
76561198066644333
76561198195536995
1527193544052679"
76561197977710279
76561199809359498
76561198096660352
76561198077163052
76561198127196858
76561198104870367
2358152960861473"
1671454982967968"
76561198354229759
76561198400756285
76561197988304200
76561198030574047
76561197968911616
76561201327200372
1831503610276026"
76561198034997578
2116489921700775"
2023430334343577"
76561198140192107
76561198032675728
1954690641222342"
1931349286938269"
76561198034295184
1669350159767238"
76561198063183264
76561200580342679
76561198263628590
76561198043864309
2053844217972820"
1713242702087480"
76561198047841251
76561198000613628
76561198158013046
76561198350722476
76561197994046785
76561198167834996
76561198079342678
76561198399269717
76561200016181651
1504224866367114"
76561198378933026
76561198102794711
76561198127884920
76561198018148408
76561199545472024
904161426375192">
76561197963317615
76561198374911014
76561198799438491
76561198059707512
76561198042454280
76561198062999548
76561198148400920
76561198004731314
1666990630046327"
76561198031831913
1873154379416450"
76561198010572819
76561198075271918
2111526065533039"
76561198258434947
76561198304619404
76561198090500066
76561198073312530
76561198060146765
76561198071463110
2053539118008242"
76561198048395363
1952902444780580"
76561198081137929
76561198007272431
76561198025254753
76561198068546755
76561198077411175
76561198215473585
1989062624479791"
2148217948551987"
76561197981649891
76561198000383144
76561198078795277
76561198121108885
76561198369644485
76561198062565094
76561198005615950
1622586954505886"
76561198376946140
2147776168569088"
76561198032449671
76561198235027860
76561197973138590
76561197987223132
76561198031023737
1885706078115629"
76561197967031671
2003734139697549"
76561198049865226
76561198018261481
76561198195128063
76561198807337192
2152082158165357"
76561198114470855
76561198155377359
2186892254661942"
2017730138299178"
76561198168264522
76561198207427275
76561198045137432
76561198151933582
1405251082908673"
76561198188603977
76561198016374594
76561198843051923
76561197994813735
76561198331155306
1959454360773919"
76561198046927784
76561197990428925
76561198097534845
76561198190422921
76561198364859936
76561198278746095
76561198815940813
76561198006329405
2538529936173161"
76561200910022080
76561201331536189
76561197965626249
76561198095011826
76561198176883453
76561198089498254
76561200455951647
76561198032624189
76561198055400045
1996838190347099"
76561198048412795
76561198003909143
76561198072216515
76561197968518121
76561198057096984
76561198324793699
76561198074042466
76561198027032064
76561198032040158
76561198094470563
76561198099459982
76561202229229311
76561198131659142
76561197972108556
76561198369933946
76561198170343059
76561198151157354
76561198045024486
76561198007745420
76561198124083361
76561198010852576
76561198032059883
76561198155507493
1942358875796714"
2159834600697918"
1884825364945662"
76561198029522287
1319487388154968"
1647525778696268"
1750139305046257"
1864640490269468"
76561197999733985
76561198347594993
76561198047898965
76561198017068223
76561198066153715
76561198133627661
76561198118736575
76561198137459157
76561198104601652
1640049919436248"
76561198042398773
1841717822533667"
76561198010896917
76561197969129482
76561198075543983
76561198081800245
76561198085547428
76561198122471675
76561198057698966
76561197997356488
76561198165286719
76561198072716575
1762644793774484"
76561198066328774
76561198055764967
76561198353187022
76561198105080680
76561198133715482
76561200181484871
76561197997776217
76561198063425862
76561198081859047
76561198372436799
76561198033853568
76561198142778820
76561198164439496
76561198284713518
1656388837760098"
1687426224712107"
76561198035818032
76561198057180936
76561199712465183
76561198375916342
76561198046943218
76561198842185159
1790526901026742"
76561198080434782
76561198052675258
76561198073322334
76561198348572996
76561197996352688
76561198107859280
76561198160453557
1504407453020505"
76561198018485789
76561198180813029
76561198317642452
76561198433008157
1695330803877465"
76561198000614764
76561198097702832
76561198006728917
76561198084062859
1854277874623192"
76561197999640168
76561198155089543
1684805574901427"
76561198038332525
76561198035901625
76561198128641861
76561198472431325
76561198018371186
76561197972012050
76561198329526700
76561198323903196
76561198006392491
76561197967457180
1517703208339143"
76561198047733374
1893319927397439"
76561198180055641
1843437649035109"
76561198127681739
76561198108524532
1894201967291359"
76561198137873630
76561198059474701
1781144981951927"
76561198199513494
76561198156288347
76561198091338449
1727972490625245"
76561198032087689
1980090085374468"
76561198069912704
76561198059993513
76561197987760333
76561198128753668
76561198150816402
76561198847599233
76561198804048302
76561198026054268
76561198000687516
76561198075766621
76561200044338005
1799568533452039"
76561198047778919
76561198069620377
76561198127654785
76561198002488576
76561198399576584
76561198051006639
76561198066505164
1629157580544681"
76561198000803496
76561198094840864
76561202033015473
76561198009870309
1673019362766921"
76561198007830107
76561198048904168
76561201191661395
76561198242119168
76561197992103238
76561198114500069
76561198031013985
76561198254090913
76561198322920790
76561198192251522
76561198265403353
76561198116893085
1892700774087276"
76561198180145346
76561198273120047
76561198079680739
1775628985827025"
76561198061332126
76561198013413820
76561198196697091
76561198052841329
76561198078441727
76561198839671046
76561198020265594
76561198329537612
76561197990319758
76561197987940983
76561198036041699
76561198039452704
76561202222317830
76561198193159951
76561198139557891
76561198201336583
76561198136137116
76561198025552771
76561198035791205
76561198296515332
76561198968494901
2049233205147982"
76561198014823919
76561198037607009
76561198043202174
76561198030566702
76561198153007251
76561198083179181
76561198134699655
76561198101841261
76561198798977006
76561198449039578
76561198084382179
76561198073675358
76561198816166012
2075117015895230"
76561198543307720
76561198044560057
76561198063787737
76561198112451510
76561198079243630
76561198174052958
76561198056666768
76561197992127896
76561198019016696
76561198121504516
1997311337008112"
76561197988050732
76561198022937296
76561198390713212
76561198134635938
2199788326712992"
76561197993592834
76561197960359396
76561198004432201
76561198144753402
76561198637813395
1718253258270612"
76561198042172108
76561198138356094
76561200788847131
76561198086453086
76561198110687522
1250754388361355"
76561198025240937
76561199543225077
76561198063807611
76561198050571238
76561198040335169
76561198032647806
2230747876940339"
76561198138882131
76561201356229376
76561198155884155
76561198014886437
76561198087775219
76561197981378889
76561198038509178
76561197966741191
76561198069612508
1743357315709891"
1902541013101448"
76561198025688418
76561198008791018
76561198026037429
1969290059811431"
76561197982934521
76561198018901159
76561198054532742
76561198063876117
76561198129303108
76561198013320346
1630068387090363"
76561199038627544
76561198011486301
1761380113900656"
76561198099742354
76561198045123991
76561198152294616
76561198006704936
76561198153498173
76561197997599903
76561198057767646
1681865685264041"
76561198103810949
76561198005653560
1539282456178144"
1527072787398032"
76561198105772847
76561198069175912
76561198361491222
76561198038546060
76561198218553803
1717570994992984"
76561198002235608
76561198106620314
76561198107821841
76561197963894816
76561198051268374
76561198086444239
76561198008721252
76561198179411951
76561197994998832
76561198000998088
76561198161041833
76561198169986227
2132247623471711"
2292424987441964"
76561198398954865
1909408752457098"
76561198161080491
1781445178557296"
2597953960218370"
76561198300705444
76561198230524820
76561197988317704
76561198138568369
76561198271294492
76561198142532308
76561198101915956
76561198071693501
76561198042821707
76561198008145394
76561198025214628
76561198033009789
1713219898723531"
76561198083688987
76561198056991757
76561198133950101
76561198052033659
76561198240505224
76561197988006877
76561198183552686
76561198238733580
76561198055225115
76561199911380874
76561198025808666
76561198816320055
76561198124727365
76561198127691973
76561197988360287
76561198082654952
76561198083055541
76561198431519601
76561198043803281
76561198412806202
76561198023245518
76561198032942501
76561198145130957
76561198308244440
76561198019673511
76561197992605113
76561198171275459
76561198291049585
76561198357732821
76561198034156160
76561198019212547
76561198048784817
2184288514920622"
76561198039879314
76561198054689632
1928992253791365"
76561198027374890
1929237157136597"
76561198379755928
76561198441343037
76561198052109269
1643925349036162"
76561197969965844
76561198043615314
76561200586631848
764819553642158">
76561198072240040
76561198023321039
76561198079457894
76561198095421366
76561198002732274
1848294625253852"
76561198079987040
76561198071632126
76561198130189571
76561198198112206
76561198808274210
76561198283225722
76561201097288539
76561198112377081
1555658174538794"
76561197979696924
76561198154480056
76561198014071622
76561198041652178
1733051573453939"
76561198123996656
76561197963573061
869430906514162">
1981157745229210"
76561197998438247
1769023753178652"
76561198136480096
76561198334798237
1834729566588554"
1865204886907438"
76561198018279941
76561198036364476
76561199044945607
76561198008436105
76561198282919389
1565766506879480"
76561198033687854
76561198048956260
76561198064086721
76561198069396035
1410792762353670"
76561198190359003
76561198255647095
76561198291801714
1690865737617673"
2694994123851447"
76561198184049298
76561201419201069
76561198057138588
76561198320385190
76561200989767503
76561198142991323
2238955782781129"
76561198703038149
76561198069537848
76561198277133139
76561197973069554
76561198353292288
76561197960546483
76561197964934552
76561197966747634
76561198085151600
76561199915600819
76561198034153822
76561198077852097
76561198092622438
76561202191599010
76561198079551095
76561198342118103
76561198081106527
76561198043248683
76561197986733641
76561198048401779
76561198112303657
76561197967501184
1785363971578333"
1748594518530844"
76561198090993494
76561198147655594
1805802612814377"
76561198077499345
76561198074791822
76561198180396255
76561198046787559
76561197988278283
76561198027703966
76561198077574173
76561198349475588
76561198027853209
76561198086759711
76561198145680082
76561198157509283
76561198027146550
76561198119547753
76561198130061263
76561198104186455
76561198000299465
76561198173786094
76561198046698212
76561198091025914
76561197977844532
76561198035438209
1632910006758093"
76561197972202972
76561200482535104
76561198046373890
76561198139173866
76561198144438856
76561198040346282
76561198048474532
1967114519975185"
76561198087299075
76561198343624614
76561198083195979
76561197964414257
76561198054977897
76561198024657926
76561198631574689
1740305689421868"
76561198271425636
76561198328012766
76561198218639501
76561198234546476
76561198079614825
76561198130434226
76561198139315199
1709766599107268"
1751024218276875"
76561198313048532
76561197998652023
76561198005007745
76561198420472236
76561198009280876
76561197971669123
76561198336900265
76561198058939101
76561201790369993
1588208197943345"
76561198016567229
76561197968654885
76561198375517825
1673453046106760"
76561198142595841
76561197993517887
76561201322915713
76561198350465543
76561197960501042
76561197979271836
76561197985714217
1716783211751035"
76561198040186793
76561198043855166
76561198048556732
76561198162194034
76561198324362055
1017522971706217"
76561198079869410
76561197988847777
76561198168332695
76561198127389857
76561198322387936
76561198072636611
76561198296264219
76561198138242127
76561197970385486
76561198804155638
76561197961665846
76561198114013303
1591618507633768"
76561198399633654
2065732593500102"
76561197996266339
76561198118655997
76561202095440818
1823637281034252"
1879829978746062"
76561198328773171
1667701496678350"
76561198190235742
76561198839432164
76561198122365755
76561198058299889
76561198014088030
76561198154083648
76561199269055750
76561198015437016
76561197984994473
76561198086983641
76561198297416024
76561198149004964
76561198029916712
76561198036896316
76561198079789299
76561198130631136
76561198073264745
1700857953338821"
76561198043898261
76561198014406688
76561198091960705
76561198162394378
76561198805649644
76561198023650613
76561200838139360
76561198119507823
1710884142291019"
76561198079831859
76561197970286799
2089706737768249"
76561198005164812
2316299031744787"
76561198009864690
76561197998602645
76561197999541427
76561198085469436
76561198188290555
76561198160939363
76561197971593092
76561198083344557
76561198002186213
2312345302115597"
76561200615647950
76561198044005906
76561198078738989
76561198287801977
76561198849808261
76561198184889065
76561197999718133
76561198043906560
76561198839327554
76561198069661227
76561197973492211
1676281155820696"
76561198058759356
76561198033523066
76561198064421006
76561198119812193
76561198015229568
76561198168986070
76561198144101228
76561198045850951
76561198101763119
76561198825334986
76561197995285629
76561198066984446
76561198003972464
76561198042890336
76561201054694574
76561198804809456
76561197997682707
76561198103341257
76561198838528839
76561198043476829
76561198360082582
76561198051959097