76561199471577465,0,0,0,0
76561198167251613,54141.21513319159,13,1326,2006875
76561197992131668,0,0,0,0
76561198147948639,0,0,0,0
1720465254734890",0,0,0,0
76561198027001016,0,0,0,0
76561198099232037,407435.8093033517,28,2866,4823446
76561197962797835,8178.323423062995,5,757,844785
76561198169460087,0,0,0,0
76561197976087543,0,0,0,0
76561198064794966,0,0,0,0
76561198258844880,0,0,0,0
1879400252105847",0,0,0,0
76561198814891936,0,0,0,0
76561198177824291,1651484.7011003552,37,1668,8180617
1571159322989850",618474.8305591351,16,569,3296055
76561198131217685,2812.643356257485,5,936,385344
76561197998812398,0,0,0,0
76561198097864769,0,0,0,0
76561198003258884,414566.3841604819,15,1284,2425006
76561197964831827,62450.3056064967,15,2377,3529826
76561198278317542,0,0,0,0
76561199851213907,91316.1834210914,30,4693,6110914
76561197962870010,0,0,0,0
76561198943681515,64.15259409969481,1,983,63062
76561198075412070,4033.0607169138225,8,2848,857999
1748607608568514",0,0,0,0
76561198102376282,0,0,0,0
76561201124305027,0,0,0,0
1946000925431134",0,0,0,0
76561198179044519,0,0,0,0
76561198148840457,0,0,0,0
76561198031072221,0,0,0,0
76561200489612055,0,0,0,0
76561198111940490,1813.2647791244822,5,2633,783480
76561198049917395,100073.18543067828,11,1708,3049748
76561198141639309,0,0,0,0
960222584103090">,12956.902756711406,6,1079,673882
76561198137679428,8759.163224042512,3,384,520746
1714415348644255",5458.998572223192,6,1506,700508
1758552814236816",1149549.4424904066,28,1039,8312291
76561198312057910,569.3643391785296,2,1160,295596
76561198055369277,0,0,0,0
76561198408994881,2030.338432439435,3,593,363107
76561198311303004,10793.684278750963,7,1615,1080223
76561197994769788,0,0,0,0
76561198065599442,0,0,0,0
76561197973841003,0,0,0,0
76561198276590179,0,0,0,0
76561198080691067,507354.8608224725,50,5608,10969524
2248191675221704",0,0,0,0
76561198037882777,645.4855769830868,3,505,105896
76561198050839487,0,0,0,0
76561198165157960,0,0,0,0
76561197991828377,0,0,0,0
76561198007651160,308180.2501358967,14,675,1625235
76561198017157536,0,0,0,0
76561198057518454,0,0,0,0
76561198087248619,0,0,0,0
76561198022036694,9073.383561643835,1,73,662357
1890589294340002",160459.720657277,3,289,499366
76561198187858265,41683.53651110196,16,1971,2681581
76561198272026777,1669.5192022475114,4,1929,546179
76561198830774421,25107.77731046761,4,679,548698
76561197970641498,0,0,0,0
76561198119989990,0,0,0,0
76561198110463537,0,0,0,0
76561198040220288,16794.56754595784,5,470,876699
76561198433848753,203.90291262135923,1,309,63006
76561198025840707,8366.929192174981,8,2060,839524
76561198080879810,0,0,0,0
1713089345438280",3794.211348697673,4,651,561642
76561198098491569,1936830.928781911,30,1342,7047235
76561198006036035,19506.75819590226,7,679,1313745
76561198007595481,0,0,0,0
76561198397238250,41021.415903582005,3,177,455063
1672902159463438",0,0,0,0
76561198041328238,0,0,0,0
76561198304406777,0,0,0,0
76561198354171701,0,0,0,0
76561198056176770,0,0,0,0
76561197968951877,0,0,0,0
76561198082685389,43765.93968153538,3,390,446974
1506565029447624",0,0,0,0
76561198102946639,7950793.469435986,79,599,21752758
76561198446657688,696.2,1,200,139240
76561201466689693,447080.3742289625,32,2585,7280558
76561198091091315,39769.65990572475,15,2148,2013068
76561197960561638,19627.570192815794,5,627,740150
1745437272166595",33112.96401515152,3,142,500586
76561198028131557,0,0,0,0
76561198085491167,746368.7354044465,61,6443,11796279
1662765820458403",16225254.049724234,138,1880,43543825
76561198283737548,0,0,0,0
76561198154673048,1566628.7118433395,31,778,8050803
76561197991803654,515236.33165067306,22,1080,3234928
76561198100209915,50585.45745899535,13,812,1736049
1982203205184687",2612781.389587916,44,668,10498811
76561198080253989,101399.06456941497,7,268,1277490
76561198205022528,6958874.603610499,77,1959,24313119
76561198047170382,836404.1764375664,39,4540,8119592
1906340749416463",0,0,0,0
1717180328336350",0,0,0,0
76561198173444531,0,0,0,0
76561198182989406,0,0,0,0
76561198049366933,289610.0256052112,19,1388,3616205
76561198017566502,0,0,0,0
76561197999923636,0,0,0,0
76561198258643500,617716.1833004684,16,460,3056013
1836530576396007",3828.8555789617385,5,1230,711384
76561198210305060,0,0,0,0
76561198054201024,0,0,0,0
76561198139191186,0,0,0,0
76561198304781885,38480.10850202429,4,94,898867
76561198450872566,76274.26882259434,12,1935,1878231
76561198173147973,1709.978135563067,2,621,336601
76561198150192157,27147.37257102876,7,1204,1335009
76561198188357446,4334.632967687075,3,269,374133
76561201289770104,0,0,0,0
76561198839894446,0,0,0,0
76561197991696475,177898.69886350632,16,1618,3526273
76561198298130207,0,0,0,0
1776393679089251",0,0,0,0
76561198083216185,6650205.39133022,126,4201,29695556
76561198099049485,0,0,0,0
76561198144046427,63339.80952380953,2,24,197648
76561198144658497,0,0,0,0
76561198172768161,0,0,0,0
76561198157911217,698555.3272381445,13,1233,3097606
76561198119824199,0,0,0,0
76561198743978431,76302.63418848817,14,1674,1852361
76561198055652515,0,0,0,0
76561197978231466,0,0,0,0
76561197974162669,0,0,0,0
76561198254718154,7963.15076923077,2,155,355805
76561198138023956,181524.3006506748,11,769,3053393
76561198364701081,0,0,0,0
1736701323112836",0,0,0,0
76561198064631972,0,0,0,0
1996969187044459",3245723.682810458,64,1493,19127371
1890990480961893",0,0,0,0
76561197970780322,0,0,0,0
76561198066669348,1087258.4918258865,40,1817,9518161
76561198020756753,0,0,0,0
76561198815285598,55864.127234305444,21,2456,3714238
76561202059673319,0,0,0,0
76561198108204045,1470651.9451940826,24,597,5238501
76561198059361633,0,0,0,0
76561198005301168,401739.68145278166,14,320,2106434
76561198072835770,347979.53723443334,16,2168,3104962
76561198016626167,31019.043188397533,6,1529,1115733
1793371284017790",0,0,0,0
76561197989261436,10025.545345004906,5,932,758047
76561198326292577,0,0,0,0
76561197967658291,0,0,0,0
76561198011416234,692511.619834616,24,1512,6273990
76561198117187718,8324.156422979146,5,694,1037030
76561197998977819,0,0,0,0
76561197975525899,0,0,0,0
76561199947973448,0,0,0,0
76561198021880691,1414833.9724352495,29,2125,8851217
76561198479014412,0,0,0,0
76561198054562090,532817.788680613,8,186,1655993
76561197995154206,3121.501440197413,6,2190,679696
76561198081398952,219755.08897856995,8,613,1836130
76561198068442781,0,0,0,0
76561197987156510,0,0,0,0
76561198247187382,0,0,0,0
76561198812365848,0,0,0,0
76561198049416171,0,0,0,0
76561198293476521,268613.563666526,16,1129,3163782
1886715441359070",3827.2068744827357,7,1689,660122
76561197971988413,0,0,0,0
1626845424100095",105942.81341415796,29,3621,4884100
76561198119866170,0,0,0,0
76561198051948704,0,0,0,0
1787480971331639",0,0,0,0
1518998544892308",0,0,0,0
76561198172792078,153641.77228529577,40,4903,7317364
76561198107911341,0,0,0,0
1715963631773548",0,0,0,0
76561198061518136,3417.4375439740975,5,1311,526648
76561198091443945,0,0,0,0
76561198097615559,1828764.202991397,32,1760,8031389
76561198119580593,19398.667041673296,4,245,1060166
76561198027006264,133590.4746912651,29,4755,5371929
76561198038219236,0,0,0,0
76561198065801908,750193.9756407251,24,830,7339118
1795707403823169",995703.3207648343,48,2435,11215572
76561198131228535,120648.83210539576,14,993,2547921
76561198163365358,0,0,0,0
76561198187227794,364737.80606060603,8,89,649039
76561198838619379,47692.95902243298,8,1189,1160531
76561197972845332,0,0,0,0
76561198147325759,795370.7569016154,16,518,4205067
2174612872579427",2390091.3565009707,21,317,6271074
1947405328605335",62810.18549302407,8,677,632465
76561198033836745,0,0,0,0
1755772411168868",0,0,0,0
76561198171099899,0,0,0,0
76561198828216526,30009.157320166472,7,1000,1269729
76561198028799897,0,0,0,0
76561198029749538,243193.50618542643,24,2758,6150679
76561198009474378,0,0,0,0
76561198142802945,105092.60365574248,12,578,2587678
76561198077096715,261402.24502556195,32,2995,5790217
76561198131316009,0,0,0,0
76561198187572245,523185.2528969407,12,692,1210270
76561198176910997,210768.39417591903,16,835,5618390
76561198199654570,469878.4190107765,6,174,2363058
76561199145090889,3407.9670641668117,7,2066,667026
1758938384221353",1222.2138955620178,2,829,209741
76561198009664282,0,0,0,0
76561198033926654,0,0,0,0
76561198067274978,0,0,0,0
76561198133731579,46160.53402183989,12,356,1066707
76561197960301063,0,0,0,0
76561198843344387,42233.35984428564,15,1622,2916177
76561197992624404,10987.51238511117,8,2394,1582243
76561197991955627,395946.4470763433,24,2608,3862774
76561199034590897,0,0,0,0
2051117331596329",116707.78664257684,8,478,1765949
76561197999305648,2781.6598180174165,6,2709,666609
1798669406838464",0,0,0,0
76561197994681677,1773315.058903306,69,5226,18472488
76561198277829258,0,0,0,0
76561198107329178,84152.20367260693,13,1276,3873419
76561198290439117,0,0,0,0
76561198061593117,0,0,0,0
76561198055389629,0,0,0,0
2174599502570931",0,0,0,0
76561198339376393,32922.6308891489,22,4066,2530031
76561198102133599,0,0,0,0
76561198154884392,0,0,0,0
1701423016593496",0,0,0,0
76561198053567663,886549.8263824631,8,182,2314380
76561197992288694,0,0,0,0
76561197967898577,0,0,0,0
76561198031608532,0,0,0,0
1925327987499752",24278.531447790876,7,503,1294584
76561198026592025,115178.64778430213,31,3310,4050328
1769217349788922",102743.72675877892,16,1383,1988544
76561198357087780,0,0,0,0
76561198261404541,1808099.2401767187,41,2363,9026577
76561197989681301,11448130.499613596,150,3400,47679914
1719691118148006",201182.4335585157,16,1152,4179183
76561198248669276,2079660.7165421702,47,3663,11535913
76561198133109961,0,0,0,0
76561198141157682,31861.827428745564,6,499,1171380
76561198148281326,935161.2949893721,30,2347,5698646
76561198255601106,0,0,0,0
76561197968476942,55084.934568135766,6,483,1111857
76561198154282838,151878.03932075377,8,923,2276137
1716462795056126",0,0,0,0
1702693759850157",18498.70205794861,6,843,983439
76561198080580446,0,0,0,0
76561198133144075,3132.1652440596863,6,1218,529653
1952142801502899",110590.41499500776,7,369,1893446
76561198201505411,0,0,0,0
76561198038991965,349127.5085104065,8,120,2898823
76561198139761083,438705.615145025,32,1908,7367864
76561198020971536,1341759.420391883,32,791,8978419
76561197975864672,0,0,0,0
76561198851811775,0,0,0,0
76561198005557822,0,0,0,0
76561198064764051,0,0,0,0
76561198173279202,4259.765569816948,8,2189,758492
2157932894234175",472247.75,5,17,1432565
76561198027315777,0,0,0,0
76561198090260033,0,0,0,0
76561198055473998,0,0,0,0
76561198147142297,274243.66114920186,39,4861,5689759
76561198044485624,762158.1332868098,16,245,6268813
76561198136978051,0,0,0,0
76561198400523412,0,0,0,0
1803030923115049",0,0,0,0
76561197966412154,280841.31633814296,22,2017,4094419
76561198012516392,17061.83908730159,5,304,590171
76561198011563987,1022564.3765929927,13,245,2703363
76561198123436068,16036.69740775651,12,1777,2066487
76561198138849386,0,0,0,0
76561197992903178,0,0,0,0
76561198088445016,993816.3542903648,21,851,5533343
741825392608183">,5421.660881041679,5,967,638124
76561197971190141,39298.77921626307,6,607,1363181
76561198435823122,6594.12999752697,8,2763,1096034
76561198317972685,0,0,0,0
1623854024349371",0,0,0,0
76561198073067561,0,0,0,0
76561198041346396,0,0,0,0
76561198066982720,21507.14803509832,8,536,788188
76561198034219568,213980.74878571395,31,5007,3960353
1916238598418956",82034.64868432996,7,902,2143049
76561198030463321,0,0,0,0
76561197990949927,0,0,0,0
76561198166124123,415314.371579401,6,79,1216982
76561197985898787,0,0,0,0
2164928113548394",0,0,0,0
76561200722766032,0,0,0,0
2112166662189145",173065.61461689536,24,2787,4971745
76561198018453359,0,0,0,0
76561198016872892,1088890.9085015578,16,317,4556492
76561200114410906,0,0,0,0
2028984417114940",0,0,0,0
76561198036248659,0,0,0,0
76561198125281813,0,0,0,0
1749352938511957",728409.1810254712,31,1421,9032457
76561198090018668,0,0,0,0
76561198253539400,0,0,0,0
1865957620108387",2237041.1727804625,112,4688,34433517
76561198084409713,130508.64359265768,22,2994,4509054
76561198120707955,0,0,0,0
76561198380161121,11925.571129663987,4,207,481517
76561198102394892,448577.83661538945,40,2682,8893129
1990817620938014",0,0,0,0
76561198332504830,0,0,0,0
76561198120223579,0,0,0,0
76561198166313707,11898.413777980426,6,472,672863
76561197966525542,0,0,0,0
76561198155195442,10860.8456890536,5,989,823816
76561198188968570,0,0,0,0
76561198212937475,0,0,0,0
76561198364750640,400755.47280928167,16,1193,1938547
76561197968232063,77602.66323633226,13,880,2491529
76561198082433634,56881.71808171539,8,447,1379082
1342625715840861",0,0,0,0
1706061929461032",103516.95014437646,8,813,1638617
76561198096384878,15066.04842541959,5,1376,403552
76561198044132314,74521.61789664248,14,2322,2690637
76561198087653077,0,0,0,0
76561198067216178,105878.0,1,1,105878
76561198030534374,0,0,0,0
76561198077440572,0,0,0,0
76561198122595493,156966.73191837664,6,266,2258779
1421855914582283",0,0,0,0
76561197996843510,0,0,0,0
76561198084123478,0,0,0,0
76561198841934417,0,0,0,0
1791523454259083",0,0,0,0
76561198027875921,30187.94581511984,7,1211,2153321
76561198107813555,0,0,0,0
2086260064782719",694.5368421052632,1,285,197943
76561198297777707,1166272.6962057056,21,560,4335114
76561198166440038,0,0,0,0
76561198163243797,198710.72252355487,8,222,1692076
76561197988351591,1755071.4982948736,28,1907,4291542
76561198067067857,0,0,0,0
76561197970726100,208259.16366856135,16,1133,2939125
76561198002995723,0,0,0,0
76561198165556239,23832.222713169125,5,479,936948
76561198046464181,0,0,0,0
76561198034173489,0,0,0,0
76561198058863473,0,0,0,0
76561198101438553,0,0,0,0
76561198452205903,0,0,0,0
1810140059008965",0,0,0,0
1885234398182121",0,0,0,0
76561199073045755,0,0,0,0
76561198009289193,0,0,0,0
76561198037558297,0,0,0,0
76561198131894810,5214179.652594993,56,1759,16361936
76561198257011803,416799.62555777706,54,4655,12765091
76561198151916673,27899.158743917273,7,1478,1798778
76561198047485926,0,0,0,0
76561198157795960,0,0,0,0
76561198815896014,0,0,0,0
76561198254515794,226181.64179351905,16,2348,2129154
76561198278590154,131042.37738095238,5,56,1000035
2416791505013381",0,0,0,0
76561197999391929,0,0,0,0
76561198058891349,38599.851069861455,8,624,2206726
76561198101803599,0,0,0,0
76561198414414526,278.510989010989,1,364,101378
76561198010166349,0,0,0,0
76561198106265555,3376567.2005979675,63,3153,16801768
76561198171040958,0,0,0,0
76561198027005923,8083.506035400805,6,1744,861413
76561198120327054,12154.804781573868,6,1113,659142
1754072234714267",0,0,0,0
76561198104395621,627918.4018654916,23,1061,6081644
76561198070473780,0,0,0,0
76561199339008069,371666.64232764073,6,606,654196
76561199209030026,0,0,0,0
76561198400558236,0,0,0,0
76561198008257265,0,0,0,0
76561198374995185,283584.9113636364,5,90,1379637
76561198254699671,0,0,0,0
76561198007703614,0,0,0,0
76561198036198466,0,0,0,0
76561197981028520,0,0,0,0
1607884259330867",0,0,0,0
76561198294664784,72882.60797865891,14,1089,2264108
76561198067548081,134762.31932427824,29,3567,6306266
76561198077586502,0,0,0,0
76561198019262782,0,0,0,0
76561198402913790,553078.4722377985,48,2791,13394368
76561200713511554,14888.870438278234,8,1125,1005778
76561198027047510,0,0,0,0
76561197962897291,0,0,0,0
76561198175051181,0,0,0,0
76561198034647806,0,0,0,0
2116386511722632",283300.03021561506,32,3905,5726983
76561198017475278,75845.85457067855,8,744,919204
76561197972937955,2328.015663804806,5,2033,485649
76561198132067741,39679.28687836345,16,2558,2109578
76561198068622407,0,0,0,0
76561198054814053,0,0,0,0
2157292954284841",353491.8464430307,4,79,1209868
76561197980408389,17495.13526256201,8,952,1293149
76561198381400443,249265.23697435253,39,2719,5344253
76561198294427326,0,0,0,0
1818522758269282",555603.4430748331,16,1146,3409039
76561198468713578,338692.761372549,12,337,1807011
76561198035190751,174277.82848922673,12,1119,3055009
76561198120143068,125511.67997716897,6,238,1588245
76561197972959097,32214.062660279607,8,713,1546793
76561198009431960,0,0,0,0
1758106294279746",0,0,0,0
1364570706978523",0,0,0,0
1412235782213588",0,0,0,0
76561198153820241,0,0,0,0
76561198009442945,3511061.8661812874,38,443,12809619
76561198120445747,0,0,0,0
76561198060840968,107339.87390384232,8,279,2654032
76561198258503060,0,0,0,0
76561198137412481,0,0,0,0
76561198044194328,0,0,0,0
76561197999998661,76570.8118263103,12,1182,2249369
76561198006055371,0,0,0,0
76561198307765544,0,0,0,0
76561198345022403,0,0,0,0
76561198141359974,3132499.914245627,87,2819,22479979
76561197971694800,114377.07092034994,8,472,1452566
76561198346465092,265956.23677161126,29,1913,7576416
76561198039033307,48624.4965900249,8,921,1134537
76561198104160442,0,0,0,0
76561198085133814,0,0,0,0
76561197999170529,54345.29827672649,23,4879,2988319
76561198125620487,10629.817497327474,6,1648,926551
76561198104967265,1012279.9005621596,16,533,4232094
1545849435514429",349525.48541076074,16,1077,2655714
1942065799172983",4611.844184397222,7,3248,1054656
76561198041331864,0,0,0,0
76561197988482913,0,0,0,0
76561198124131728,0,0,0,0
76561198267819842,1209383.5,8,17,2155273
76561198073500048,0,0,0,0
76561198087860278,0,0,0,0
76561198190298957,0,0,0,0
76561197993405452,0,0,0,0
76561198116990773,211352.6321526186,8,346,2373158
76561198141676620,0,0,0,0
76561198042302105,0,0,0,0
76561198061328510,115253.33190692888,13,750,2252814
76561198068804719,0,0,0,0
76561198050652544,0,0,0,0
76561197996139049,0,0,0,0
76561198190331221,7906.010224101021,7,2401,825243
76561198050293645,0,0,0,0
76561197993500337,0,0,0,0
76561198113064273,18916.760932987345,6,1052,978592
76561198282657484,0,0,0,0
76561198438092319,0,0,0,0
1622955931155669",0,0,0,0
76561198176417339,1425055.8063733203,55,2084,9660186
76561198060061318,0,0,0,0
76561198031386400,0,0,0,0
76561198441758509,0,0,0,0
1911749395558766",0,0,0,0
1812860912123183",0,0,0,0
1557995940978645",0,0,0,0
2351531854874015",11587.149449370389,7,1463,1696666
76561198048776699,1184340.155227394,40,2744,7678550
76561198027219489,0,0,0,0
76561198040837807,32382.18349612121,8,975,1774955
76561198274290599,29851.65315692299,8,2850,961264
1889119631118640",0,0,0,0
76561198109191969,0,0,0,0
1644101209036454",0,0,0,0
76561198313873855,233861.88935845005,8,1254,1357153
76561198669357375,0,0,0,0
76561198028540693,77475.18754953623,8,471,1908156
76561197985305495,130090.57445233059,8,755,1415910
76561198070054592,293928.92881729506,23,1281,4089906
76561198070221230,0,0,0,0
76561198048509552,123843.27169593048,8,1694,1297723
76561198039459284,0,0,0,0
76561198294044118,43780.27026970835,16,3169,3041810
76561198127477426,0,0,0,0
76561198122961625,414677.4058508053,56,4213,13358135
1315004945269683",0,0,0,0
76561198322705667,0,0,0,0
76561198113295820,9894384.159269005,91,2778,31108416
76561198004824538,114858.72795285538,14,1968,3272531
76561198119202579,0,0,0,0
76561198058243237,46318.89881376502,15,2692,1924321
76561198138297727,425225.62008203997,23,1205,4376062
76561198046612694,0,0,0,0
76561198118280159,0,0,0,0
76561198037846639,0,0,0,0
76561198126158571,0,0,0,0
76561198146153336,1644659.3476325073,40,1458,8157883
76561198405865167,51503.29487709973,15,1768,2808205
76561197962377245,0,0,0,0
1824253954327933",0,0,0,0
76561198373159194,22463.05925793493,7,440,1170209
76561198151302901,0,0,0,0
76561200157930372,0,0,0,0
76561198814552383,0,0,0,0
76561198063383508,0,0,0,0
76561198135246382,559677.3227928177,24,579,5813484
1766178783448139",0,0,0,0
1974547305910463",20216.87834901843,7,1310,1359618
76561198006171350,0,0,0,0
76561198120721967,79856.7006393424,8,1370,1166443
76561198043914934,64622.70974393573,8,705,1454437
76561197964253148,0,0,0,0
76561198097042313,2410003.438371301,65,4071,14886581
76561198127029671,0,0,0,0
76561198018558875,0,0,0,0
76561198346085262,2459081.1322527025,30,447,8261968
1868475519878097",273968.24387130834,7,649,1895735
76561198088089974,0,0,0,0
1754156791358975",20220.414454028763,12,2433,1981910
76561198120279727,0,0,0,0
76561198321531378,388374.89839367336,24,1002,4877241
76561197960412987,0,0,0,0
76561198136476759,0,0,0,0
977449312379542">,228865.2315857005,16,1855,2541061
76561198070574192,2423.741300320681,6,2672,842344
76561198082013930,2913770.9326633858,88,4666,16415787
76561198026168218,0,0,0,0
76561198308290237,0,0,0,0
76561198148465873,0,0,0,0
76561198142139257,23700.71385976307,15,2486,1999067
76561198017075216,0,0,0,0
978338048958229">,0,0,0,0
1975518115823036",0,0,0,0
76561198116230248,0,0,0,0
76561198071012477,190651.02429661198,16,835,3473861
76561198323748838,0,0,0,0
1674232412684144",16709.41487936437,6,525,1188849
1753448571406342",0,0,0,0
76561198084246168,0,0,0,0
76561198137468566,0,0,0,0
1849411641810118",0,0,0,0
76561198097524896,708425.5599112853,71,6988,13880896
76561198333511132,632887.744718509,16,1228,3087365
76561198013538309,2028214.5560140284,39,976,7609355
76561197972432270,0,0,0,0
76561198037112996,19592.401933393594,7,1067,1144566
76561198098764522,0,0,0,0
76561198026117088,0,0,0,0
76561198126440144,0,0,0,0
76561197969871752,0,0,0,0
1754642307932876",0,0,0,0
2047076348660113",0,0,0,0
76561198449182868,0,0,0,0
76561198031602106,0,0,0,0
76561198088267277,0,0,0,0
76561198052813716,1169757.501639626,32,3665,6569363
76561201523162004,563081.4794594295,16,320,4191341
76561198122626452,55579.8411418145,8,414,1915237
76561198000127404,264671.7621036408,39,4615,6478219
76561198346443828,28842.494575797635,8,1020,1251745
76561198216460259,0,0,0,0
76561198071401222,0,0,0,0
76561198135391712,39843.80369679202,5,1316,1160579
76561198272388280,0,0,0,0
2260498197301194",0,0,0,0
1758311580920319",0,0,0,0
76561197980686216,0,0,0,0
76561198270939966,0,0,0,0
76561198061135216,327696.7863160216,32,3859,6966944
76561197996459426,0,0,0,0
76561198183746495,0,0,0,0
76561198804470833,13754.443369310387,8,1721,1170135
76561198073732029,0,0,0,0
76561198224732448,0,0,0,0
1690005414429952",0,0,0,0
76561198178902339,145278.38457822372,6,197,1180978
76561198121459950,135092.89747114113,15,1546,2855335
76561198007154478,0,0,0,0
76561197970722241,14498.78064873118,12,3758,1790458
76561198088300618,0,0,0,0
76561198181991977,0,0,0,0
1927384637292029",42827.713628898106,16,3160,2953288
76561198364764460,0,0,0,0
1960098850730817",0,0,0,0
76561198031380523,0,0,0,0
76561197972276300,0,0,0,0
76561198156100930,59704.41480329868,8,1647,1404228
76561198071098204,7191.223340712726,5,636,803579
76561198062744281,15967.84152933127,6,323,666409
76561198272656906,0,0,0,0
76561198056155857,109346.37328259173,8,215,1773212
76561198092862016,237077.54681112518,8,401,1655228
76561198103535081,10482032.313421864,91,2957,27016979
76561198359413495,0,0,0,0
76561198122977603,101591.33522154593,12,1223,2253831
76561198073228146,0,0,0,0
76561198112616496,0,0,0,0
1373015329466604",0,0,0,0
76561198093436707,0,0,0,0
76561198152361514,0,0,0,0
1830893636950136",506537.19057958823,31,3512,5688001
76561197961832667,153818.4118885272,30,2853,5500348
76561198065473834,86271.67298396895,16,1075,2462625
76561198073992827,118898.48827959756,8,532,1188390
2148306391865942",6007.522691065146,5,1232,1005110
2050702318297886",1170398.2415832467,37,1505,8936936
76561198052587003,0,0,0,0
76561198035743993,0,0,0,0
76561198071627271,228717.65849569524,6,160,853163
76561198045522476,0,0,0,0
76561198027551211,0,0,0,0
76561198278528836,112118.05170562408,8,640,1438809
76561198396091595,0,0,0,0
76561198072550566,11760907.142933162,95,1255,28820232
76561198141971441,30992.681625507386,15,1840,2465312
76561197977707483,0,0,0,0
76561197973376066,258801.77943103854,22,1245,4943755
76561197990370734,389257.74742010894,13,1091,2918261
76561198053524294,0,0,0,0
76561198125807621,0,0,0,0
76561198308216683,30637.638621451573,8,526,1286155
76561198145920537,218164.2486122215,21,2507,4840414
76561198060902148,0,0,0,0
2312935838720686",8783.373580656631,5,995,837273
76561198276242917,649.1149674620391,1,461,299242
76561197971293767,0,0,0,0
76561198103416587,84684.46458275839,31,5038,6126648
76561198070778497,11701.026372343404,8,1308,999415
76561198111229458,0,0,0,0
76561198002740308,0,0,0,0
76561198052338791,692451.1585693888,62,3816,14504266
1772287612809325",0,0,0,0
76561198062547070,0,0,0,0
76561198257057053,0,0,0,0
76561199783236301,74448.53152700112,7,286,920781
76561198062381431,5768.319886441028,8,2003,1032608
76561198059756231,0,0,0,0
76561198416070470,0,0,0,0
76561198058333138,947343.4348361075,24,2099,5787614
1693973023973761",0,0,0,0
76561198029984091,59568.98612172708,8,2452,1191273
76561197991850867,0,0,0,0
76561198065501417,18063.93555067098,8,881,1529049
76561198121125578,77135.11479029748,16,1151,3824941
76561198014560000,679131.1829748768,12,188,5657404
76561198838210022,0,0,0,0
76561198399621231,47270.295789146454,8,1074,1307896
2176193595727504",0,0,0,0
76561197997626819,5870.4034212864735,5,1482,830560
76561198064785195,125519.35716136919,8,714,1690037
76561198192040278,0,0,0,0
76561198351735624,44224.99807931612,3,470,465476
76561198014560844,21672.559473670648,13,2748,1714855
76561198315637028,0,0,0,0
76561198309947036,88390.62593354515,12,959,1818107
76561198065529981,0,0,0,0
76561198443397140,7034367.475552877,45,347,14854165
76561200416053509,0,0,0,0
76561198004029880,0,0,0,0
76561198034463418,0,0,0,0
76561198030380142,9354826.783274593,72,682,25152290
1647241065331573",0,0,0,0
76561198142222097,29227.08408343225,8,755,1483304
1699552176790188",0,0,0,0
76561198074422163,35381.67251604855,5,452,945258
76561198056837573,52502.52911511045,16,3116,2915358
76561198018375575,1156573.8087601552,48,3359,11332453
2070935576310981",0,0,0,0
76561198096210205,57547.58707521196,16,2168,3665396
2242137592493735",21715.229453004653,5,732,1033662
76561198014928263,0,0,0,0
76561198162920476,0,0,0,0
1534943626632105",0,0,0,0
76561197993663553,0,0,0,0
1751481671588074",24692.790424241644,13,2888,2151154
76561197964839524,0,0,0,0
76561201521700021,21744.444282685898,12,1838,1375315
1944789455572997",0,0,0,0
76561198353543007,805044.4593795093,16,116,2986773
76561198065699215,47872.422598051824,12,1048,1531552
76561198045531227,0,0,0,0
76561198382073654,1574959.5620091897,16,294,6357415
76561198146639212,969859.4781525322,21,2126,4879619
76561198013458566,979130.9725901238,31,1209,6137710
76561198056079165,131901.52740395037,15,1256,3740165
76561198042109337,0,0,0,0
76561198160948472,36555.37801844276,5,574,881224
76561197999905321,1195954.4466081748,47,1658,16474695
76561198006576240,48547.75041877065,16,2377,2748669
76561198070972868,0,0,0,0
76561198121239898,19819.708744967655,10,1302,743595
76561198819166501,88593.93953810212,12,2226,1841152
76561198103408071,0,0,0,0
1538244406285480",1114528.9060471691,15,156,5140075
1699142046829175",0,0,0,0
76561198023188780,0,0,0,0
76561197967987990,169708.93768417972,13,681,1859569
76561198086090838,9593.244651864574,8,2503,840821
76561198064401658,21930.073924685697,4,369,556262
76561197994109495,17170222.939187136,125,797,35932103
76561198010026889,33190.09863745408,16,2011,2548396
76561198035115967,195519.65589345415,8,556,1518143
76561198110048955,0,0,0,0
76561198183133163,10654.131911186894,6,496,488809
1847644171961468",464996.1775111807,12,271,3155863
76561198048381282,0,0,0,0
76561198286862712,0,0,0,0
76561198768176479,8427.547007104116,8,1307,1314391
1682670135134689",0,0,0,0
76561198264902287,0,0,0,0
76561198046448191,0,0,0,0
76561198149115874,0,0,0,0
1596596117116297",54236.862989091176,16,1172,2613400
76561198378896681,60292.41092495795,24,4208,4220928
76561198011565490,0,0,0,0
1815193271873470",45394.595628945404,16,2643,2673524
76561198059194950,0,0,0,0
76561198192425435,0,0,0,0
76561198176961737,0,0,0,0
76561201692890047,12784.333333333334,1,6,76706
76561198011172579,0,0,0,0
76561198002532173,0,0,0,0
76561197992589925,4868.682752633361,8,2255,834468
76561198276191560,26003.79075159206,16,2211,2344418
76561198047558088,0,0,0,0
76561198060133280,2766176.1868678667,39,893,12408392
2160285437320107",107622.37734593083,16,1273,3836699
76561198119001638,11524.434969741462,6,635,935448
76561198198719563,0,0,0,0
76561198814113050,626465.0241075446,30,2953,6241585
1946476345420208",0,0,0,0
76561197976412009,0,0,0,0
76561197974525236,0,0,0,0
76561198841214701,258655.3559443529,16,3182,3710991
76561198796419271,175267.30977227955,16,850,2268892
1437075863064973",0,0,0,0
1960180460681321",63831.79844182185,10,1622,1612126
76561199448771815,0,0,0,0
76561198011604402,0,0,0,0
76561198080278482,0,0,0,0
76561199473705711,29184.629033242672,6,407,918209
1648867811891059",0,0,0,0
76561197979144949,328879.7746155471,18,864,5359400
76561197970780969,67491.33329176535,8,1243,1547095
76561198019728073,319582.4988358153,24,1505,4855513
76561198047556895,0,0,0,0
1647751005333854",0,0,0,0
76561198949950006,144149.72701264854,13,1195,2600673
2155843704430975",0,0,0,0
1987463224606200",0,0,0,0
2111867765521459",0,0,0,0
76561198353363964,0,0,0,0
76561197980551647,0,0,0,0
76561198804928840,0,0,0,0
2288167304556813",0,0,0,0
76561198208886308,1695893.9015466203,15,273,5300811
76561198028942204,1623.998402235495,5,1380,424605
76561198065747728,0,0,0,0
76561198063294091,10674.384052568334,5,811,1028056
76561198312361865,6530146.484737971,87,1739,22921921
76561198228509920,56426.178787813915,8,715,1730536
76561198073191963,15599.96364229764,8,1128,1267992
76561198034216370,0,0,0,0
76561198105546450,77409.28192551316,8,502,1834366
76561198055187311,0,0,0,0
1379905672110317",0,0,0,0
76561198068139159,0,0,0,0
2270752766268540",0,0,0,0
76561198031436498,780846.892886161,23,2164,4694264
76561198038041227,5423386.530352214,70,980,23588660
76561198375739771,13641.923507272144,6,1255,1331570
76561198073617469,0,0,0,0
76561198044709099,718066.1002853165,28,1456,7669265
76561198166705337,0,0,0,0
76561198114278631,0,0,0,0
76561197999645707,0,0,0,0
76561197967534138,867451.4484351033,48,1960,12806259
76561198069983849,0,0,0,0
76561200344656650,0,0,0,0
76561198042115219,13203.119344675983,7,905,1297126
76561198271785626,513546.4478701704,48,4375,8748291
76561198216692452,128390.12156947212,16,1208,3912662
76561197965606757,0,0,0,0
76561198093473014,0,0,0,0
76561198104412368,0,0,0,0
1779872495406647",0,0,0,0
76561197995197644,0,0,0,0
76561198701522703,61037.803789406666,11,2479,1084470
76561202225593820,13481.827437444195,8,997,809188
76561198059381746,0,0,0,0
76561197995743081,90815.8568308875,5,249,1101956
76561198068206728,285652.2204739637,16,651,3838850
76561198142606526,988.1243781094528,1,201,198613
76561198023518063,0,0,0,0
76561198041231545,0,0,0,0
1970534626314885",578565.494700733,12,1910,2379708
76561198091775205,0,0,0,0
76561198115427269,0,0,0,0
76561198237677720,0,0,0,0
76561198035245376,0,0,0,0
76561199246366590,109527.87767024452,14,1055,4002203
76561198003795389,0,0,0,0
1888995551170693",281883.95196880307,6,445,1508269
76561197981027693,6452.867855974199,7,1562,1052304
76561198045662528,21187.362973822936,8,1120,1237921
76561198203241322,0,0,0,0
76561198044735271,0,0,0,0
76561197969387555,452542.0215825939,16,704,4873429
76561198037961183,224273.42629217068,64,8378,8236946
2047456761993153",0,0,0,0
76561199352228860,0,0,0,0
76561197963429044,0,0,0,0
76561198004647882,0,0,0,0
76561198032049897,80966.96620233377,8,704,2001839
76561198850914862,224704.9879571479,16,2048,3056883
76561198278494472,97743.7799514097,18,1650,3317670
76561198019555549,0,0,0,0
76561197982509112,0,0,0,0
76561198055476187,0,0,0,0
1371466019620588",0,0,0,0
76561198025121542,0,0,0,0
76561198118536761,377179.03360266064,31,2722,7977505
76561200108314784,0,0,0,0
1724459361008223",0,0,0,0
76561198196024758,359724.8059349128,11,628,1981554
76561198035595392,6416.8686482900475,7,1684,908517
76561198000063827,0,0,0,0
76561198121580738,0,0,0,0
76561198127374737,313138.7490706836,24,1822,6022050
76561198019031079,1576891.1958068246,22,292,5171011
76561198154860667,638960.9093675128,16,299,3821199
76561198275992369,0,0,0,0
76561198250960216,21688.376230803977,5,378,859895
76561198062926564,6437.546784821894,5,1575,675287
76561198307158908,0,0,0,0
76561198118688499,339689.9586901129,16,3097,3328247
76561198008341903,11199.13229625937,13,3961,1622508
76561198114240682,0,0,0,0
1306677906101537",4897317.409455623,68,1451,11753832
76561198071233728,0,0,0,0
76561198084913916,65001.26045671106,16,1115,3080378
76561198177723053,137832.85490542577,16,3524,2563483
76561198121042653,0,0,0,0
2040243142714079",152886.34045938883,16,779,3372121
76561198032164332,0,0,0,0
1836363686425913",28430083.868466787,159,1067,55821325
76561202036698158,117021.04586205602,24,2282,5824768
76561198244624110,0,0,0,0
740870066036822">,0,0,0,0
76561198038129952,1801137.3767094018,12,112,3971247
76561198169272878,801869.8729226486,32,1414,6916963
1664528843643874",0,0,0,0
76561197962766761,0,0,0,0
2019558198068695",0,0,0,0
76561200996116215,0,0,0,0
76561198152585934,15578.609135034929,5,322,817127
76561200512412854,0,0,0,0
76561198127442515,316188.4664457634,40,5303,7996644
76561197998657707,0,0,0,0
76561198030249257,0,0,0,0
76561198832656550,0,0,0,0
1673257866105173",1533443.968959546,23,901,6030570
76561198174078951,64798.974038963606,16,917,2211735
76561198043834890,20265.69111061172,5,431,1508650
76561198024541448,6339665.7495597815,88,1637,26883566
76561198121010353,0,0,0,0
76561198109741092,0,0,0,0
76561198238893766,0,0,0,0
1752293544891844",8915.158330613045,6,1482,1295667
76561198034348506,34456.883533579836,6,1133,970723
76561198092425389,146802.5086841346,21,1156,4630817
76561198045358946,0,0,0,0
76561200815628199,0,0,0,0
76561198043221342,20770.444289272145,5,543,729443
76561198066566679,7132.656926534511,6,1108,531221
1666993020077037",19667.446545465118,5,390,985295
76561198013975150,0,0,0,0
76561198053144695,0,0,0,0
76561197964058386,0,0,0,0
1846959638717688",1967661.269974974,47,1975,11265801
76561198016253092,62903.483259095236,12,1641,1968877
76561198077892862,230299.64099927162,15,1204,2360589
76561198297854846,4020.042242896656,2,179,336738
1750188375089376",5872.8229999580635,5,2381,821865
76561198071921080,0,0,0,0
76561198084531578,126131.18265805343,23,4979,2869340
76561198343006101,162140.36123130532,15,1799,2748458
76561198091428286,0,0,0,0
76561198042706300,43668.33490200746,8,745,1022191
1788226531226855",0,0,0,0
76561198254010310,2836075.2551969024,76,3296,15789224
2154811047869401",524946.25838905,24,611,5109493
76561198059333592,38316.36770092652,5,419,739576
76561198972814312,0,0,0,0
1752280571552350",20933.326380728737,7,617,1470212
76561198081427789,88024.40741681558,8,808,1247128
76561198189048271,0,0,0,0
76561197989933165,18839.00793625239,5,1679,801658
76561198105313396,0,0,0,0
76561197988529885,20070.215207062465,8,1698,1562453
76561198179146822,0,0,0,0
76561197963745769,18570.994303101914,6,859,1370294
76561198360328842,4234084.277712711,112,6478,27033092
76561197994792330,7862.805285382161,5,1028,528924
1392084057558289",0,0,0,0
76561197960294884,0,0,0,0
76561198076785645,0,0,0,0
76561197978014277,33106.71843348324,7,513,1207885
76561198036062443,0,0,0,0
2089661044407892",0,0,0,0
76561198338800674,0,0,0,0
76561198218585905,0,0,0,0
76561197993984699,0,0,0,0
76561197995383445,7732.25159054271,5,1387,866454
76561198070898183,0,0,0,0
76561198825766809,0,0,0,0
76561198038658672,520682.8374959598,32,2675,8046900
76561198082229577,141817.29642141555,15,1510,2946065
1864102613654677",0,0,0,0
76561198066474705,0,0,0,0
76561197994005229,0,0,0,0
76561198008516818,6719.656349727118,5,790,542138
76561198009881830,0,0,0,0
76561198079374891,0,0,0,0
76561197978113103,2672.1082394074224,6,1710,540366
76561198089044222,1224189.5742515211,40,960,10687217
1839877009438539",33338.961721307176,8,1400,1917198
1680189378755212",886114.1431419688,32,629,5212495
76561198066644333,0,0,0,0
76561198195536995,1268784.027803735,45,2295,10219177
1527193544052679",331153.8606147547,31,3099,7999650
76561197977710279,2216302.766987287,53,1921,10063197
76561199809359498,0,0,0,0
76561198096660352,173996.79544016937,28,4768,5542083
76561198077163052,173139.43156865807,16,1438,2311239
76561198127196858,1117196.373184375,16,279,4316503
76561198104870367,0,0,0,0
2358152960861473",1027342.7869422068,43,4975,7613407
1671454982967968",0,0,0,0
76561198354229759,86881.71921546289,8,641,1988310
76561198400756285,0,0,0,0
76561197988304200,0,0,0,0
76561198030574047,45434.974535967536,6,1969,1047513
76561197968911616,333483.6946377929,23,1758,5807841
76561201327200372,0,0,0,0
1831503610276026",14599.852697424218,13,2966,1928208
76561198034997578,0,0,0,0
2116489921700775",0,0,0,0
2023430334343577",46394.615712453946,7,771,1405841
76561198140192107,0,0,0,0
76561198032675728,976647.138719167,30,1389,8786036
1954690641222342",51487.88162723839,8,1458,1571285
1931349286938269",0,0,0,0
76561198034295184,0,0,0,0
1669350159767238",70038.4820218429,8,410,1268722
76561198063183264,321700.42986104084,40,3466,7092338
76561200580342679,0,0,0,0
76561198263628590,537.080971659919,1,247,132659
76561198043864309,0,0,0,0
2053844217972820",0,0,0,0
1713242702087480",0,0,0,0
76561198047841251,20029.67583538987,7,800,1445393
76561198000613628,0,0,0,0
76561198158013046,1276914.6262543402,31,490,7314385
76561198350722476,0,0,0,0
76561197994046785,30642.670205902305,12,1617,1943166
76561198167834996,0,0,0,0
76561198079342678,0,0,0,0
76561198399269717,0,0,0,0
76561200016181651,0,0,0,0
1504224866367114",197941.97539682538,5,57,1692515
76561198378933026,96208.2905711321,8,781,1342443
76561198102794711,216287.39550013663,15,2817,2051113
76561198127884920,1406415.659140518,47,2165,12637054
76561198018148408,1701232.2361436796,56,2902,11753265
76561199545472024,2456893.070945672,64,1677,20952956
904161426375192">,30859.858536458843,6,308,1230239
76561197963317615,12325.809141691416,8,1644,1500681
76561198374911014,266610.943457579,10,1125,2935816
76561198799438491,0,0,0,0
76561198059707512,0,0,0,0
76561198042454280,0,0,0,0
76561198062999548,0,0,0,0
76561198148400920,0,0,0,0
76561198004731314,0,0,0,0
1666990630046327",0,0,0,0
76561198031831913,0,0,0,0
1873154379416450",2088533.4634343535,71,3707,11157126
76561198010572819,70925.53063230182,8,1826,1113678
76561198075271918,0,0,0,0
2111526065533039",0,0,0,0
76561198258434947,0,0,0,0
76561198304619404,131439.91158904668,27,2768,7052876
76561198090500066,0,0,0,0
76561198073312530,0,0,0,0
76561198060146765,31107.155539969546,16,2683,2593957
76561198071463110,16389.47025425802,7,2127,759161
2053539118008242",17532.22652292514,7,781,1798447
76561198048395363,44410.9986408885,5,1261,971963
1952902444780580",0,0,0,0
76561198081137929,104072.65446712116,14,842,3456183
76561198007272431,3962.0790031986144,5,1886,672406
76561198025254753,18512.779095472222,8,1732,1152376
76561198068546755,0,0,0,0
76561198077411175,219494.2381305901,8,260,2726762
76561198215473585,188636.72383478642,8,1955,1411634
1989062624479791",291104.0395506795,15,362,4189074
2148217948551987",169558.82026646804,8,228,1748718
76561197981649891,0,0,0,0
76561198000383144,0,0,0,0
76561198078795277,0,0,0,0
76561198121108885,1096192.8047878256,24,1295,7265287
76561198369644485,273995.35147783253,7,120,1571624
76561198062565094,0,0,0,0
76561198005615950,0,0,0,0
1622586954505886",0,0,0,0
76561198376946140,863552.5536416393,16,1306,3678188
2147776168569088",300320.343118723,7,179,1918153
76561198032449671,0,0,0,0
76561198235027860,157169.40911552813,16,2558,3810877
76561197973138590,153667.45533315736,24,2142,5029406
76561197987223132,19442.302285304497,5,496,1081860
76561198031023737,0,0,0,0
1885706078115629",52064.735573078906,5,844,1467412
76561197967031671,27059.27942587424,14,3468,2334920
2003734139697549",280642.70948814164,15,964,3261833
76561198049865226,0,0,0,0
76561198018261481,0,0,0,0
76561198195128063,0,0,0,0
76561198807337192,0,0,0,0
2152082158165357",825032.7095238096,8,51,2141705
76561198114470855,164355.18137744576,13,755,2482993
76561198155377359,0,0,0,0
2186892254661942",0,0,0,0
2017730138299178",133008.3088541205,14,2023,2275261
76561198168264522,18385.411287240342,15,3173,1270647
76561198207427275,0,0,0,0
76561198045137432,10852.485392149005,5,349,748885
76561198151933582,0,0,0,0
1405251082908673",0,0,0,0
76561198188603977,492440.4136841711,61,5995,13471070
76561198016374594,0,0,0,0
76561198843051923,2371852.8817648557,24,319,8175072
76561197994813735,35272.448835965784,7,1060,1714254
76561198331155306,213171.7303824005,15,983,3917699
1959454360773919",0,0,0,0
76561198046927784,0,0,0,0
76561197990428925,0,0,0,0
76561198097534845,303896.91780955746,13,437,4117570
76561198190422921,0,0,0,0
76561198364859936,276281.27880036633,8,137,1532895
76561198278746095,0,0,0,0
76561198815940813,0,0,0,0
76561198006329405,0,0,0,0
2538529936173161",0,0,0,0
76561200910022080,669496.6748944593,40,4867,4720687
76561201331536189,0,0,0,0
76561197965626249,15422.554885580712,12,2651,2129911
76561198095011826,70409.83597729774,8,1269,814066
76561198176883453,0,0,0,0
76561198089498254,10727.658763986783,7,2005,1447148
76561200455951647,509600.7816389493,24,1543,6016586
76561198032624189,275836.21377344476,12,1591,1964904
76561198055400045,0,0,0,0
1996838190347099",0,0,0,0
76561198048412795,0,0,0,0
76561198003909143,9463.915499590206,5,483,491707
76561198072216515,0,0,0,0
76561197968518121,0,0,0,0
76561198057096984,0,0,0,0
76561198324793699,0,0,0,0
76561198074042466,0,0,0,0
76561198027032064,59090.441863512155,7,1050,1325596
76561198032040158,1235597.25,8,17,1695011
76561198094470563,192548.86495280932,37,4176,8091006
76561198099459982,7108.712150322487,5,751,912426
76561202229229311,0,0,0,0
76561198131659142,424856.7662431717,32,2968,5505223
76561197972108556,0,0,0,0
76561198369933946,0,0,0,0
76561198170343059,0,0,0,0
76561198151157354,23528.601070250836,8,1777,1288992
76561198045024486,0,0,0,0
76561198007745420,0,0,0,0
76561198124083361,0,0,0,0
76561198010852576,33363.02971916439,8,2488,933335
76561198032059883,174237.91215876155,22,1450,4341127
76561198155507493,0,0,0,0
1942358875796714",544303.3956636107,14,624,3044509
2159834600697918",0,0,0,0
1884825364945662",0,0,0,0
76561198029522287,0,0,0,0
1319487388154968",36745.8188112384,15,1944,2570022
1647525778696268",0,0,0,0
1750139305046257",0,0,0,0
1864640490269468",0,0,0,0
76561197999733985,0,0,0,0
76561198347594993,0,0,0,0
76561198047898965,0,0,0,0
76561198017068223,0,0,0,0
76561198066153715,0,0,0,0
76561198133627661,4517.993764172335,4,966,942836
76561198118736575,204179.54335156464,24,2446,5162821
76561198137459157,4667079.054598257,85,2300,24391817
76561198104601652,24904.7222571482,7,1173,1632510
1640049919436248",0,0,0,0
76561198042398773,139013.18558763928,8,203,2671653
1841717822533667",0,0,0,0
76561198010896917,0,0,0,0
76561197969129482,948971.5626871745,40,4131,8563236
76561198075543983,0,0,0,0
76561198081800245,93288.44012520535,7,1365,1212693
76561198085547428,2328930.6566045536,24,274,6460080
76561198122471675,0,0,0,0
76561198057698966,0,0,0,0
76561197997356488,0,0,0,0
76561198165286719,175172.1357850213,16,1289,3007352
76561198072716575,453603.98495031893,38,2461,8335491
1762644793774484",1701328.9076238482,32,899,7186449
76561198066328774,0,0,0,0
76561198055764967,3907.4815343076084,7,2119,998288
76561198353187022,11041.595168131531,6,917,1110308
76561198105080680,401012.84671777755,8,539,2243223
76561198133715482,0,0,0,0
76561200181484871,72624.77016643829,12,1111,2699576
76561197997776217,348913.62562724017,6,111,1152306
76561198063425862,0,0,0,0
76561198081859047,5218.447546343784,7,639,591574
76561198372436799,357824.1349204279,8,231,1840020
76561198033853568,0,0,0,0
76561198142778820,0,0,0,0
76561198164439496,0,0,0,0
76561198284713518,0,0,0,0
1656388837760098",389486.13634025294,5,134,1244898
1687426224712107",17369.484561181234,7,1931,1050493
76561198035818032,0,0,0,0
76561198057180936,0,0,0,0
76561199712465183,164.69864559819413,1,886,145923
76561198375916342,4681.715749579804,8,2027,869151
76561198046943218,0,0,0,0
76561198842185159,0,0,0,0
1790526901026742",52771.33556295721,13,2081,2004472
76561198080434782,0,0,0,0
76561198052675258,0,0,0,0
76561198073322334,1616484.8690383967,77,3785,16938847
76561198348572996,0,0,0,0
76561197996352688,271241.98954290274,6,702,858780
76561198107859280,10659.970459068914,7,1299,674550
76561198160453557,0,0,0,0
1504407453020505",580947.7497899075,32,1503,7829013
76561198018485789,0,0,0,0
76561198180813029,0,0,0,0
76561198317642452,123285.03998972733,23,2605,4923482
76561198433008157,0,0,0,0
1695330803877465",76282.9163753854,40,7097,7190290
76561198000614764,11209.842522165924,6,1614,1007369
76561198097702832,1557161.2685489939,12,260,3479315
76561198006728917,0,0,0,0
76561198084062859,938582.99347955,48,5384,6200791
1854277874623192",99523.34221234836,14,861,3300012
76561197999640168,398541.4969519972,24,1716,3459402
76561198155089543,0,0,0,0
1684805574901427",0,0,0,0
76561198038332525,7721.466928317989,5,848,600132
76561198035901625,0,0,0,0
76561198128641861,0,0,0,0
76561198472431325,0,0,0,0
76561198018371186,45984.67529139733,7,461,1143040
76561197972012050,0,0,0,0
76561198329526700,47568.79302398915,21,3216,4306277
76561198323903196,0,0,0,0
76561198006392491,644560.6244237184,32,1720,7187000
76561197967457180,0,0,0,0
1517703208339143",1809218.802022067,32,2142,8826255
76561198047733374,36093.04486498401,7,1244,1032872
1893319927397439",0,0,0,0
76561198180055641,170844.50899648847,14,930,1936243
1843437649035109",298593.5392540213,12,582,2556013
76561198127681739,14957.477593952586,8,1167,868198
76561198108524532,976326.9284737635,40,4609,8480750
1894201967291359",0,0,0,0
76561198137873630,14859.445822605976,6,1242,890956
76561198059474701,0,0,0,0
1781144981951927",0,0,0,0
76561198199513494,0,0,0,0
76561198156288347,0,0,0,0
76561198091338449,0,0,0,0
1727972490625245",499521.0694287977,12,237,3497833
76561198032087689,55955.72063080102,8,1093,1912696
1980090085374468",193938.8089510086,14,811,3029996
76561198069912704,0,0,0,0
76561198059993513,0,0,0,0
76561197987760333,0,0,0,0
76561198128753668,0,0,0,0
76561198150816402,27109.26119853889,8,527,774867
76561198847599233,0,0,0,0
76561198804048302,657615.127214825,12,258,3431193
76561198026054268,0,0,0,0
76561198000687516,0,0,0,0
76561198075766621,1399043.7024553688,40,1099,9770245
76561200044338005,312463.09961204097,27,3734,5322329
1799568533452039",291622.84624769987,21,2250,4005067
76561198047778919,0,0,0,0
76561198069620377,153102.75165138525,13,1208,2752652
76561198127654785,60225.02354473071,16,2695,3363990
76561198002488576,212702.15567012224,8,1059,1958217
76561198399576584,0,0,0,0
76561198051006639,0,0,0,0
76561198066505164,816352.0532545375,13,785,2705460
1629157580544681",3927553.4127729703,88,2026,17164041
76561198000803496,1065467.0115061365,45,2773,12197080
76561198094840864,0,0,0,0
76561202033015473,0,0,0,0
76561198009870309,0,0,0,0
1673019362766921",0,0,0,0
76561198007830107,0,0,0,0
76561198048904168,19234.33298999267,8,989,1737992
76561201191661395,0,0,0,0
76561198242119168,0,0,0,0
76561197992103238,0,0,0,0
76561198114500069,0,0,0,0
76561198031013985,0,0,0,0
76561198254090913,68825.12773473228,8,500,2294137
76561198322920790,176950.15714751565,22,2012,4528467
76561198192251522,258621.8196928031,12,471,2363606
76561198265403353,0,0,0,0
76561198116893085,0,0,0,0
1892700774087276",0,0,0,0
76561198180145346,157242.78620354887,7,425,2132480
76561198273120047,0,0,0,0
76561198079680739,11545.739115405053,5,545,604762
1775628985827025",28233.191094886817,8,519,1158764
76561198061332126,28859.449040661857,5,187,844557
76561198013413820,0,0,0,0
76561198196697091,22174.610403568673,7,707,1374062
76561198052841329,0,0,0,0
76561198078441727,75032.79244505495,8,281,1693316
76561198839671046,0,0,0,0
76561198020265594,0,0,0,0
76561198329537612,0,0,0,0
76561197990319758,0,0,0,0
76561197987940983,0,0,0,0
76561198036041699,77458.87706725151,8,543,1542784
76561198039452704,0,0,0,0
76561202222317830,89636.64499559763,31,3547,6385108
76561198193159951,0,0,0,0
76561198139557891,295359.7309918961,22,1926,2772572
76561198201336583,0,0,0,0
76561198136137116,0,0,0,0
76561198025552771,49362.971131706276,6,2355,753266
76561198035791205,2401.792954030668,6,2824,700020
76561198296515332,15964.084677220466,8,1241,1249908
76561198968494901,0,0,0,0
2049233205147982",0,0,0,0
76561198014823919,0,0,0,0
76561198037607009,0,0,0,0
76561198043202174,114270.85002013897,16,3038,1935495
76561198030566702,15283.623643772087,8,950,1379021
76561198153007251,0,0,0,0
76561198083179181,13691.484039486577,8,1443,1630263
76561198134699655,20856.322228552937,8,764,1709468
76561198101841261,0,0,0,0
76561198798977006,0,0,0,0
76561198449039578,203780.65526852955,40,4181,9180911
76561198084382179,0,0,0,0
76561198073675358,5634.530308068974,4,555,713392
76561198816166012,435658.2124069985,24,1807,4699755
2075117015895230",5985.398947595332,5,2016,780753
76561198543307720,0,0,0,0
76561198044560057,0,0,0,0
76561198063787737,767358.5418858243,15,464,3390744
76561198112451510,40574.642850195196,6,770,1276509
76561198079243630,0,0,0,0
76561198174052958,0,0,0,0
76561198056666768,5272199.489393939,22,66,8754288
76561197992127896,0,0,0,0
76561198019016696,0,0,0,0
76561198121504516,0,0,0,0
1997311337008112",0,0,0,0
76561197988050732,23838.38084900906,6,800,928598
76561198022937296,0,0,0,0
76561198390713212,1618.7752808988764,1,89,144071
76561198134635938,0,0,0,0
2199788326712992",0,0,0,0
76561197993592834,0,0,0,0
76561197960359396,0,0,0,0
76561198004432201,264317.6254299415,16,793,3231493
76561198144753402,0,0,0,0
76561198637813395,252456.92834203877,24,1514,5685609
1718253258270612",689038.215787908,31,1253,6214483
76561198042172108,0,0,0,0
76561198138356094,1455546.139214761,24,552,7145397
76561200788847131,0,0,0,0
76561198086453086,0,0,0,0
76561198110687522,54636.474111396295,5,239,896598
1250754388361355",0,0,0,0
76561198025240937,36818.98237400229,7,1575,836846
76561199543225077,205865.46684913614,16,973,2968397
76561198063807611,962604.4474064477,19,479,6192802
76561198050571238,0,0,0,0
76561198040335169,0,0,0,0
76561198032647806,0,0,0,0
2230747876940339",0,0,0,0
76561198138882131,0,0,0,0
76561201356229376,0,0,0,0
76561198155884155,0,0,0,0
76561198014886437,31470.129836733966,5,572,1015413
76561198087775219,0,0,0,0
76561197981378889,216410.26370983766,8,161,2676640
76561198038509178,0,0,0,0
76561197966741191,0,0,0,0
76561198069612508,0,0,0,0
1743357315709891",12814.209821638042,7,893,1134566
1902541013101448",0,0,0,0
76561198025688418,0,0,0,0
76561198008791018,136224.44811952152,8,379,2297015
76561198026037429,820550.0436790871,22,717,6775137
1969290059811431",0,0,0,0
76561197982934521,0,0,0,0
76561198018901159,0,0,0,0
76561198054532742,4075799.8289343696,64,1398,18444520
76561198063876117,5755.747841873324,8,1281,765740
76561198129303108,0,0,0,0
76561198013320346,134928.2895304911,5,230,1002529
1630068387090363",9590.797102335446,6,977,1150089
76561199038627544,0,0,0,0
76561198011486301,0,0,0,0
1761380113900656",8200372.062571206,63,977,21736461
76561198099742354,34843.55499607061,6,454,1164685
76561198045123991,257648.87162849822,7,934,1265526
76561198152294616,141749.00316600114,24,2541,3778740
76561198006704936,76274.16023277797,5,495,865183
76561198153498173,0,0,0,0
76561197997599903,0,0,0,0
76561198057767646,24422.76224369832,14,1670,1989153
1681865685264041",0,0,0,0
76561198103810949,0,0,0,0
76561198005653560,869287.4461352658,8,142,3052749
1539282456178144",0,0,0,0
1527072787398032",0,0,0,0
76561198105772847,0,0,0,0
76561198069175912,9388.428221813056,8,898,992841
76561198361491222,1134682.5549973026,22,496,3606816
76561198038546060,0,0,0,0
76561198218553803,0,0,0,0
1717570994992984",2186780.509139269,23,481,6306150
76561198002235608,0,0,0,0
76561198106620314,8143.242198298547,5,649,836835
76561198107821841,0,0,0,0
76561197963894816,48599.1033138555,8,627,1173629
76561198051268374,62188.92288469271,15,1349,3518880
76561198086444239,385903.07633219915,13,2266,2977165
76561198008721252,49965.18035512457,13,2167,2121769
76561198179411951,0,0,0,0
76561197994998832,1752920.2340386412,48,2392,11993479
76561198000998088,50142.18339831688,8,1553,1717510
76561198161041833,46267.29257534283,5,983,1053130
76561198169986227,0,0,0,0
2132247623471711",61147.588353956875,8,1248,1915377
2292424987441964",0,0,0,0
76561198398954865,0,0,0,0
1909408752457098",0,0,0,0
76561198161080491,0,0,0,0
1781445178557296",304675.14315890596,31,4629,4543689
2597953960218370",0,0,0,0
76561198300705444,1258.4383115148275,2,292,181651
76561198230524820,0,0,0,0
76561197988317704,39415.15960718907,16,2356,2858143
76561198138568369,0,0,0,0
76561198271294492,0,0,0,0
76561198142532308,137203.38010404215,5,1020,938869
76561198101915956,0,0,0,0
76561198071693501,0,0,0,0
76561198042821707,0,0,0,0
76561198008145394,0,0,0,0
76561198025214628,0,0,0,0
76561198033009789,0,0,0,0
1713219898723531",0,0,0,0
76561198083688987,0,0,0,0
76561198056991757,0,0,0,0
76561198133950101,84267.53563382967,27,2882,3677992
76561198052033659,0,0,0,0
76561198240505224,0,0,0,0
76561197988006877,0,0,0,0
76561198183552686,2659.407572106981,8,3202,602719
76561198238733580,963854.0263997281,44,2832,11373023
76561198055225115,22316.812829892708,14,2332,2003175
76561199911380874,0,0,0,0
76561198025808666,0,0,0,0
76561198816320055,79129.05927925752,12,2429,2485493
76561198124727365,0,0,0,0
76561198127691973,1115678.6147468872,70,5121,16719339
76561197988360287,0,0,0,0
76561198082654952,0,0,0,0
76561198083055541,0,0,0,0
76561198431519601,13354.810874007793,8,1800,1255749
76561198043803281,0,0,0,0
76561198412806202,0,0,0,0
76561198023245518,0,0,0,0
76561198032942501,74316.81839821684,24,2625,4286660
76561198145130957,0,0,0,0
76561198308244440,0,0,0,0
76561198019673511,0,0,0,0
76561197992605113,134382.41556250874,7,849,1035308
76561198171275459,0,0,0,0
76561198291049585,0,0,0,0
76561198357732821,0,0,0,0
76561198034156160,0,0,0,0
76561198019212547,3267.836693321153,5,1284,577083
76561198048784817,0,0,0,0
2184288514920622",4136.167145116323,7,1921,854508
76561198039879314,782576.4322264784,37,1796,9258887
76561198054689632,0,0,0,0
1928992253791365",2842323.630890871,62,2267,18002310
76561198027374890,83930.97812438963,8,413,1262633
1929237157136597",0,0,0,0
76561198379755928,277271.5912081002,20,3141,3800802
76561198441343037,0,0,0,0
76561198052109269,0,0,0,0
1643925349036162",62427.36191959735,16,2351,3339740
76561197969965844,0,0,0,0
76561198043615314,0,0,0,0
76561200586631848,58664.38726820918,16,2439,2078558
764819553642158">,14739.86082907877,7,904,1306683
76561198072240040,244758.2766726826,24,1465,4528798
76561198023321039,0,0,0,0
76561198079457894,0,0,0,0
76561198095421366,0,0,0,0
76561198002732274,51884.74639008335,6,549,1201760
1848294625253852",0,0,0,0
76561198079987040,36094.844123174626,12,1081,2097804
76561198071632126,12972870.858426705,94,370,29217639
76561198130189571,0,0,0,0
76561198198112206,0,0,0,0
76561198808274210,0,0,0,0
76561198283225722,98109.4899905313,14,1756,3314658
76561201097288539,0,0,0,0
76561198112377081,0,0,0,0
1555658174538794",0,0,0,0
76561197979696924,16216.629891277305,5,844,656795
76561198154480056,0,0,0,0
76561198014071622,0,0,0,0
76561198041652178,0,0,0,0
1733051573453939",0,0,0,0
76561198123996656,10656.730793079572,7,1573,529563
76561197963573061,0,0,0,0
869430906514162">,19501.41177474019,8,865,1160135
1981157745229210",0,0,0,0
76561197998438247,0,0,0,0
1769023753178652",0,0,0,0
76561198136480096,9123.526449021821,5,619,585366
76561198334798237,56413.9145192022,16,1361,2511706
1834729566588554",0,0,0,0
1865204886907438",0,0,0,0
76561198018279941,0,0,0,0
76561198036364476,0,0,0,0
76561199044945607,5242.741173191242,5,1892,769824
76561198008436105,3422940.0676922784,95,4560,20014975
76561198282919389,6492178.542418092,48,344,19003228
1565766506879480",1174644.1362343675,16,362,3775476
76561198033687854,20287.49299251342,5,530,700097
76561198048956260,4535.113990514905,3,522,411923
76561198064086721,54940.87715336729,5,331,816770
76561198069396035,1954971.8914941563,48,1989,8504086
1410792762353670",39411.90701771912,6,281,1531206
76561198190359003,747918.5349585409,12,268,3488035
76561198255647095,188167.73630475954,15,2208,2414758
76561198291801714,0,0,0,0
1690865737617673",479155.8105732785,23,1701,5275446
2694994123851447",8924.496119704836,5,678,1164333
76561198184049298,0,0,0,0
76561201419201069,206727.4564584423,31,2698,6329408
76561198057138588,0,0,0,0
76561198320385190,0,0,0,0
76561200989767503,0,0,0,0
76561198142991323,11836.121650850122,8,2044,1494265
2238955782781129",0,0,0,0
76561198703038149,14571.04840256559,6,1679,623641
76561198069537848,0,0,0,0
76561198277133139,13853.219192386585,7,1748,1347817
76561197973069554,17041.586591536146,7,670,1424711
76561198353292288,27173.96343073593,5,646,513741
76561197960546483,0,0,0,0
76561197964934552,0,0,0,0
76561197966747634,17215.86924566055,12,1881,1383217
76561198085151600,0,0,0,0
76561199915600819,0,0,0,0
76561198034153822,23550.219869048586,8,752,1886024
76561198077852097,87583.10489947886,8,1572,1059903
76561198092622438,555430.2369786291,16,962,4731960
76561202191599010,0,0,0,0
76561198079551095,0,0,0,0
76561198342118103,0,0,0,0
76561198081106527,0,0,0,0
76561198043248683,61644.67019799548,8,629,1507333
76561197986733641,52088.30690301762,6,195,1147539
76561198048401779,0,0,0,0
76561198112303657,0,0,0,0
76561197967501184,45915.95627423502,8,1089,1854492
1785363971578333",56952.74843910096,8,537,1510873
1748594518530844",0,0,0,0
76561198090993494,72905.76911326608,8,390,1580837
76561198147655594,0,0,0,0
1805802612814377",0,0,0,0
76561198077499345,124427.0991450946,12,1209,1973215
76561198074791822,343609.8910410529,12,302,3305968
76561198180396255,8193.198600757416,8,2180,1243927
76561198046787559,47788.65764765869,8,947,1897846
76561197988278283,0,0,0,0
76561198027703966,479830.6301075269,4,104,1292995
76561198077574173,0,0,0,0
76561198349475588,0,0,0,0
76561198027853209,0,0,0,0
76561198086759711,673778.3915244176,13,367,3283176
76561198145680082,0,0,0,0
76561198157509283,646145.8903301411,39,2252,7664189
76561198027146550,0,0,0,0
76561198119547753,0,0,0,0
76561198130061263,0,0,0,0
76561198104186455,0,0,0,0
76561198000299465,0,0,0,0
76561198173786094,0,0,0,0
76561198046698212,0,0,0,0
76561198091025914,5389.356571965301,8,3415,1268954
76561197977844532,0,0,0,0
76561198035438209,802130.6203482134,62,3517,12501304
1632910006758093",325166.11844575347,40,3296,9758990
76561197972202972,0,0,0,0
76561200482535104,14609.950760980071,6,541,1232623
76561198046373890,6269023.6127178725,87,1695,20780547
76561198139173866,0,0,0,0
76561198144438856,0,0,0,0
76561198040346282,0,0,0,0
76561198048474532,0,0,0,0
1967114519975185",0,0,0,0
76561198087299075,0,0,0,0
76561198343624614,134639.58649978356,11,574,3045410
76561198083195979,0,0,0,0
76561197964414257,0,0,0,0
76561198054977897,0,0,0,0
76561198024657926,30034.759460016754,8,280,795805
76561198631574689,1464915.5639727735,40,3301,8793210
1740305689421868",81684.5887432816,16,1840,3703392
76561198271425636,0,0,0,0
76561198328012766,0,0,0,0
76561198218639501,0,0,0,0
76561198234546476,11734.623986120077,6,820,1017135
76561198079614825,5373.251930116646,5,629,677052
76561198130434226,0,0,0,0
76561198139315199,0,0,0,0
1709766599107268",139144.7369632201,8,206,1446939
1751024218276875",1546162.7401304275,30,1052,10072171
76561198313048532,48260.67280122134,5,261,824360
76561197998652023,0,0,0,0
76561198005007745,0,0,0,0
76561198420472236,0,0,0,0
76561198009280876,0,0,0,0
76561197971669123,0,0,0,0
76561198336900265,7501.466418720038,5,1030,640651
76561198058939101,0,0,0,0
76561201790369993,48518.870337143366,5,240,1045928
1588208197943345",0,0,0,0
76561198016567229,38215.03444205027,7,1834,1393845
76561197968654885,169111.77388020564,16,1076,2254330
76561198375517825,191396.15234677604,8,697,1679762
1673453046106760",241187.50121660437,24,1502,5169290
76561198142595841,281688.43578954256,5,565,1153909
76561197993517887,0,0,0,0
76561201322915713,0,0,0,0
76561198350465543,0,0,0,0
76561197960501042,0,0,0,0
76561197979271836,2318055.4417704917,46,1164,11709112
76561197985714217,56850.16879646374,5,649,811357
1716783211751035",404881.44556779816,16,1435,4461679
76561198040186793,432217.5629346645,16,312,3957412
76561198043855166,13318.545117015668,5,2122,718121
76561198048556732,0,0,0,0
76561198162194034,993675.5642347372,32,975,7139701
76561198324362055,0,0,0,0
1017522971706217",4842370.878469623,55,646,16316479
76561198079869410,9801.710137602566,6,687,916052
76561197988847777,16815.0540857526,8,899,1000722
76561198168332695,229925.2143152798,23,1549,5291558
76561198127389857,483459.7701182406,16,648,4750451
76561198322387936,421634.88709079043,19,1518,3329595
76561198072636611,0,0,0,0
76561198296264219,1628.4267882679137,5,1562,428401
76561198138242127,1804409.2642094016,15,96,5429221
76561197970385486,0,0,0,0
76561198804155638,51176.36582456174,8,996,1168311
76561197961665846,0,0,0,0
76561198114013303,0,0,0,0
1591618507633768",0,0,0,0
76561198399633654,0,0,0,0
2065732593500102",313872.9551164087,16,856,4294943
76561197996266339,0,0,0,0
76561198118655997,0,0,0,0
76561202095440818,0,0,0,0
1823637281034252",0,0,0,0
1879829978746062",0,0,0,0
76561198328773171,0,0,0,0
1667701496678350",787646.7520531007,11,220,2377737
76561198190235742,0,0,0,0
76561198839432164,0,0,0,0
76561198122365755,0,0,0,0
76561198058299889,26961.799710195308,8,968,1246150
76561198014088030,2235458.0698330523,56,1087,15578994
76561198154083648,4450.2435616431185,5,923,654825
76561199269055750,0,0,0,0
76561198015437016,1694893.1269721126,21,312,6520671
76561197984994473,42008.85982923183,12,1559,2736701
76561198086983641,48088.661056573685,7,429,2097942
76561198297416024,0,0,0,0
76561198149004964,0,0,0,0
76561198029916712,993747.5299805147,31,1118,7913590
76561198036896316,52018.31750209352,8,1120,1313169
76561198079789299,0,0,0,0
76561198130631136,444520.2268203122,32,1893,4141774
76561198073264745,0,0,0,0
1700857953338821",0,0,0,0
76561198043898261,0,0,0,0
76561198014406688,0,0,0,0
76561198091960705,12381.240869715508,7,975,1572235
76561198162394378,0,0,0,0
76561198805649644,7444.809976186009,7,1407,1136308
76561198023650613,0,0,0,0
76561200838139360,0,0,0,0
76561198119507823,0,0,0,0
1710884142291019",0,0,0,0
76561198079831859,2649451.2440590058,61,2732,15389711
76561197970286799,13779.64185254764,8,1701,866030
2089706737768249",163801.36086179872,32,5707,5583190
76561198005164812,0,0,0,0
2316299031744787",0,0,0,0
76561198009864690,0,0,0,0
76561197998602645,0,0,0,0
76561197999541427,739763.8063286721,32,1815,7071576
76561198085469436,0,0,0,0
76561198188290555,2902162.0291216415,102,6291,20720019
76561198160939363,0,0,0,0
76561197971593092,10245.340000013091,5,1546,816464
76561198083344557,6610.043211730024,6,1628,642012
76561198002186213,0,0,0,0
2312345302115597",89960.0715802146,29,2846,5029824
76561200615647950,0,0,0,0
76561198044005906,3517.35270273536,6,1949,847251
76561198078738989,122423.64578417518,8,1490,1962737
76561198287801977,0,0,0,0
76561198849808261,0,0,0,0
76561198184889065,0,0,0,0
76561197999718133,0,0,0,0
76561198043906560,53318.23272954046,8,1713,2154984
76561198839327554,4895524.904963739,64,2116,15545189
76561198069661227,0,0,0,0
76561197973492211,0,0,0,0
1676281155820696",30835.983398732722,15,1380,1771453
76561198058759356,0,0,0,0
76561198033523066,66570.26116966794,23,2594,4526774
76561198064421006,23349.958469783956,14,2238,2249680
76561198119812193,0,0,0,0
76561198015229568,0,0,0,0
76561198168986070,0,0,0,0
76561198144101228,336.78323699421964,1,346,116527
76561198045850951,1206804.3955263814,14,152,5651584
76561198101763119,32193.912211322775,5,1836,1123354
76561198825334986,0,0,0,0
76561197995285629,15976.146296023111,5,403,976256
76561198066984446,2096076.8890304498,54,1732,12112592
76561198003972464,24453.47119913847,8,1200,1194832
76561198042890336,446143.59252514277,40,4745,7403253
76561201054694574,440.15533980582524,1,309,136008
76561198804809456,0,0,0,0
76561197997682707,168239.15712958528,22,2159,4277358
76561198103341257,123698.89509098603,6,1056,721206
76561198838528839,0,0,0,0
76561198043476829,0,0,0,0
76561198360082582,11775880.941339552,40,137,16208737
76561198051959097,64596.14112847897,16,2588,2385674
