76561198011951228
76561198050001130
2235360266482076"
76561199178805133
1643071532479526"
76561198045554683
76561198287590159
2012799732127224"
76561198044996738
76561198027819647
76561198065137335
76561198050038653
76561198101915945
1702607956499311"
76561198123548672
76561198129424820
76561198210817903
1908771252547541"
76561198375700176
76561198118905147
1938791089528909"
76561198093816865
1959511737453081"
876973449093909">
76561198081259641
76561198111628791
1848444545216971"
76561198147030551
76561198074560023
76561198150775588
76561198178110193
76561198182363847
76561198058191773
76561198008286281
76561198118339252
76561198109793867
76561198095028797
1590302371080914"
76561198019300090
76561198798951642
76561198392135735
76561198024132816
76561198047439506
76561198309644433
76561198188100871
1924370457609726"
76561198393950944
76561201856515856
76561197972190770
76561198045437015
76561198287548168
76561198116556062
76561198080282929
76561198121769752
76561198324110902
1714293181993144"
1636886759721766"
76561198799682285
76561198799288976
76561198002124213
76561198121757037
76561198025060165
76561198185024253
76561198056064827
2234382039913074"
76561198006349771
76561198322477900
1919801488094768"
76561198065316343
76561198268603963
76561198023714707
76561198090037830
76561198041241483
76561198046558311
76561201553954137
76561198058991354
76561198062152340
76561198420020667
76561198014977478
1933651616659748"
76561197970978905
76561198127199097
1710522575695513"
76561198122364174
76561198128718240
76561198048796040
76561198136628660
76561198000329627
1908125389218844"
76561197961246258
76561197969431559
76561198337223825
76561198014441045
76561198100057559
76561198095645070
76561198038598568
76561198114365846
76561198005552160
76561198420515035
76561200788498147
76561198125090652
76561198119823972
76561198129088616
76561198267477256
76561198019391646
76561198099530840
76561198011179884
76561198087130433
76561198152875336
1849535931764130"
76561201765255407
2160991817305365"
1750450371699575"
1760186127401342"
76561198378332767
76561197988127509
76561198149370115
76561198043149160
2005728902802389"
76561198065932662
76561198063925392
1671459506308495"
76561198169931138
76561198050347029
76561198056441371
76561198026968015
76561198097751471
76561198821466606
76561198098284907
76561198100327759
76561197966092764
76561198084071447
76561198069545113
76561198047030836
76561198131181350
76561198154914848
76561198053755763
76561198024959804
1765051870200262"
76561198192988949
2207797649233572"
76561198100200331
76561198118817720
76561198058307395
76561198411595689
76561198225951968
76561198063254793
1697656390312642"
76561198095816294
76561198181194647
1708082229228529"
76561199184830782
76561197992640411
76561198114886714
76561198329563624
76561198015103960
76561198039114905
76561198042296523
76561198024942655
76561198124308855
76561198036293107
76561198099340644
76561198067864206
76561198321024581
76561198151173370
76561198091493393
76561198082338545
76561198004197064
76561198129746781
76561197982789422
76561198040960312
1996161337122147"
2011482212220007"
76561198374530001
76561198414637096
76561197995866996
76561198076311813
76561198370693286
76561197999880860
76561198807125593
76561198041943760
76561198044993088
2013541128696615"
76561198153564234
76561197967227697
76561198114780058
76561198075720598
76561197993755054
76561198038717786
76561198058679325
76561198070039854
76561198019881854
76561198206579609
76561198023634892
76561198353365019
76561197979507053
76561198405112053
76561197999231410
76561198008598716
76561198090881255
76561201352289175
76561198070642899
76561198067321626
76561197987107990
76561198042258858
76561198071344874
76561198130572943
76561198119589789
76561197980311619
76561198067271594
76561198070309688
76561200209895504
76561197984735843
76561197968726378
76561197978133743
76561198038274898
76561198147827986
76561198003651569
76561198003775742
76561198020258242
2034917066537454"
76561198094829317
76561198073525243
76561198047204021
76561198365811958
76561197991444409
76561198044178589
76561198136198974
76561198305307554
76561198116305568
76561198423765375
76561198069114439
76561198101541205
76561198074717770
1741065849290916"
76561198065234631
76561198000384482
1512077088919385"
76561201588080849
76561198260009799
76561198037725799
2190814254267425"
1678021608941080"
1760032940685897"
76561198392074618
76561198167883903
76561198044609099
76561198048826150
76561198031567020
76561198219604787
76561198261048332
76561201785489064
76561197960277625
76561198074557925
76561198837323342
76561199586289007
1662023420560361"
76561198451267139
76561198148218175
76561198072761303
76561197970399865
76561198023368389
76561198057254363
76561198161618110
76561198030832594
76561198016120854
76561198080512765
76561198109523697
76561198197581259
76561198332721417
76561198041574604
2036758576366286"
76561198141492719
76561198815044907
1690253221071870"
76561198003180522
76561198012070178
76561198241797768
76561198074781469
76561198358401858
76561198193029882
2023501684357292"
76561198084185669
76561197999778368
76561198056550895
76561198389024120
76561198060540921
76561198126575126
2286722724690481"
76561198048610283
76561198014550578
76561197992806007
76561200817177307
76561198120496163
76561198132639010
76561198390363426
1291774310926039"
76561198092411439
76561200147670875
76561198035681066
76561198434951140
76561198001162208
76561198118815474
76561198049975193
1997941923551330"
76561198842824484
76561197984770124
76561198426165010
76561198116823322
76561198118810428
76561198434679264
76561198060294311
76561198837886789
76561198107475933
76561197992907844
1865286323587245"
76561198143989271
76561198452967028
76561198027976424
76561198161413548
76561197982806976
76561198062200044
76561197983493691
76561198814862165
76561197997814156
76561198053644781
76561198147886279
76561200148171743
76561198023502766
76561201729264165
2020101931396823"
76561198078974662
1828543433891080"
76561198177716038
76561198056287773
76561198070505455
76561198031068337
76561198191375690
76561198280382416
76561198066460348
76561198018239356
76561198085912024
76561198214568500
76561197970614055
1929861217026162"
76561201190214668
76561198065274693
1702309983137937"
76561198191550525
2044905702248960"
76561198097013178
76561198016428152
1655877444526076"
76561198360122020
76561198025713106
76561198064681695
76561198067665253
76561198055783136
76561198027583641
76561198204028309
76561198052645337
76561197973687809
76561200611453577
1815871951805567"
76561198191369333
1744486112271927"
2111448102259400"
76561198060945013
76561198161329112
76561198008003059
76561198363676677
76561198039989545
76561198052279486
1785085908242448"
76561198201463158
2258779477467277"
2191052730934848"
76561198189891730
76561199880092372
76561197960562283
2305040566187828"
1820684911322125"
76561198080110222
76561198172316611
76561198061208108
76561198143036149
76561198023027825
76561198072887807
76561198170191215
76561198048736661
2028615517150272"
1713302662099525"
1899392740117378"
76561198090219165
76561198052560640
76561198033482143
76561198013837802
76561199215641105
76561198282919027
76561198051164940
1928808870527804"
76561198053326543
1578434495588524"
76561198013900115
76561198036527660
76561197971862586
76561198839497482
76561198819431769
76561198080985705
76561198091875604
1653508618078015"
76561198044006872
76561198088476705
76561197996694869
76561198357801169
76561198041545163
76561198119477971
76561198416325867
76561198081321348
76561198068884867
76561198263290554
1555011774627281"
76561198063246481
76561198002572210
76561198272476856
1784753761631874"
76561198040886134
76561197970508705
1577049282404153"
76561198031117365
76561198100670974
76561198221425932
76561198069552091
76561201860701680
76561198159470560
76561198085235708
76561198042924325
76561198341180787
76561198146724204
76561198116113974
76561197993993513
76561197961438701
1756705567754738"
1691257980959822"
76561198011397820
76561198077686799
76561202057627805
76561198142397328
76561198072083712
76561198316973759
76561201393734149
76561197966417332
76561198039378390
76561197981006047
1807506782702550"
76561198031552070
1522862197823741"
76561198104366722
76561198042497386
76561198056014972
76561198091484260
76561198071137490
1388770161224599"
76561197960837299
76561198043920837
76561198078059207
76561198322471721
76561201831453944
76561198120482358
76561198015838468
76561198011353170
2321401291218294"
76561198061494936
76561198158475903
76561198006401189
76561198389410080
76561198162443348
76561198057624656
76561198172898099
76561197999409007
76561198095710463
76561197978289281
76561198024367814
76561198087493630
76561198069751348
1750944508327287"
76561198045394905
76561198059711076
76561198051794089
76561198052402832
76561198002190498
76561198068190858
76561197970988698
76561198185681028
76561198050401757
76561198071729673
1860609017304741"
76561197979802811
1629615367160030"
2182061731834670"
76561198303641613
76561198150311608
76561198052052809
76561198103748112
1777706332289993"
76561198029853869
76561198042087994
1696670260393485"
76561198071060094
76561198050066036
1735262539901716"
76561198093421919
76561198041123066
1557101407731932"
76561197961271343
76561198235140008
76561198158811420
1533487873418407"
1739653836096480"
1506934722750262"
1788427537880422"
76561198129324615
76561198796471463
2217824671579579"
76561198062014846
76561198057287055
76561198133790577
76561198230821316
1948325995180592"
76561197991863265
76561198048863745
76561198024990847
76561198089049061
76561198031573754
76561198114090322
76561198025343240
76561198081377340
1857063854314927"
76561200981365013
76561198327740373
76561198120762597
76561197992952400
1786196544774742"
76561197981309354
76561198799386450
76561198163342305
2096237633723871"
76561198041942922
76561198022764091
76561198022654483
1728761923836516"
76561197992330535
76561198095915812
1579726228819738"
1599371286845532"
76561198011395823
76561198057137647
1785996098188596"
76561198401771608
76561198040075839
76561198041241000
76561198030459515
76561198042441778
1663214020398446"
76561198045938288
76561198093529256
76561198086313644
76561197998923696
76561198052156643
76561198096843032
1976390795734197"
76561198012508149
76561197984965409
76561197970995285
76561198077975114
76561198157811227
76561198066778828
76561198192699494
1660795290708782"
76561198099345547
76561198009053114
76561197963796816
76561198273470901
76561198035889986
76561201762729954
76561198122221537
76561198134561185
76561198054604395
76561198081548547
76561197981110122
76561197972351301
76561198028557099
76561198006300545
76561198001863888
1754035058017234"
76561198035602576
76561198041996387
1665445266836942"
76561198062869069
76561198079847238
76561198043581554
76561197996161867
76561198136090790
76561200949882223
76561197999879944
76561198056412641
76561198130449657
76561201126877393
76561198191541841
1987352394622980"
76561198130570205
76561198082784439
76561197988947529
76561198114581118
76561198039939096
1694630727289890"
76561197996067422
76561198036545955
76561198042194012
76561197989451581
76561198150317578
76561198149791799
76561198092728627
76561198272040070
76561197973079441
76561198197836921
1976929422377544"
76561198141072484
76561198130246737
76561198025016312
2211527312197513"
76561199385450740
76561197999313716
76561198075048686
76561198129807265
76561197980062688
76561198063354550
76561198077328385
76561198103629383
1758667704249437"
1621371014627741"
76561198118436506
76561198056257046
76561198061906904
76561198065411165
76561198090959198
76561198079862628
76561198056805223
76561198197280691
76561198063078686
76561198119629473
76561198415068040
76561198136595041
76561198045832024
76561198190571823
76561197995933826
76561197979746421
1809682195774401"
76561197997824730
76561198004241667
76561198413802571
76561198139289005
76561198176309089
2164439260238890"
76561200781250612
76561198045022711
76561198127641832
76561197997567609
76561198097450754
76561197999714674
1707351346009295"
76561197962750473
1874818955914800"
1781160141962882"
76561198016896797
2051235494918831"
76561198060776508
2218822611476130"
76561198064149321
76561197983104963
1720789071369092"
76561197974524488
76561198151740257
76561198029643583
76561198155862291
76561198075249042
76561198039669504
1650638255044169"
76561198059255448
76561198123734464
76561198056875067
76561197963574614
76561198111313592
76561198165040761
76561198122405336
76561198056145735
76561198154065275
76561198118432786
76561198121691470
1767585179955009"
76561197968898306
76561198127460729
1665931816793307"
76561198019884895
76561197973537624
76561198147186934
76561198051026285
76561198097044770
1583354435102332"
76561198017145207
76561198042061875
1717907574923112"
1708718829220111"
76561198411618070
76561198124995612
76561197969255825
76561198360449392
76561198358469476
76561198024222445
1634977666580222"
76561198105030494
76561197970901657
76561198346669917
76561198016429964
76561198148675428
76561198026703372
76561198062448352
76561197965389303
76561198035241112
76561198144130773
76561198003962156
76561197962115555
76561198086105014
76561197992610711
76561198003863640
76561198043580501
76561198121582032
76561198028617087
76561198109198812
76561198539631715
1845992588785762"
76561197963772522
2052859671451276"
1801482609917868"
76561197967914025
1771248756268619"
76561198161345029
76561198271912722
1809792955724506"
76561197978647338
76561198129180907
76561198056633583
76561201752898804
76561198086719430
76561198000210749
76561197978099152
76561198000190029
76561197992071902
1247689212000966"
76561198057402265
76561198019866703
76561198068950299
1830314393673906"
76561197985991423
76561197961664852
76561198328679507
1533127376792888"
76561198102808392
76561197978138789
76561198037586413
76561197993484709
76561198094619751
1963258117068962"
76561198146365866
76561198260521736
1540464956079639"
76561197978896877
76561198339314931
1892274897462040"
76561198034249363
76561198047928006
76561198010639297
76561198160403069
76561198321846753
2152131238137962"
76561198354404177
1739804992764400"
76561198438415859
76561198090662087
76561198309494151
1692068917549134"
1849422298442114"
76561198048295767
76561198161862010
76561198279930310
76561198086869873
76561198072623184
76561197960346869
1540152186095629"
76561198331883893
76561198142915437
76561197970655039
76561198354073439
76561198170348058
1638478769522555"
76561198032587617
76561198120872466
76561197971315104
76561198190809593
76561197987014801
76561198070626874
76561198448274432
76561198388465296
76561198094048299
76561198059567361
76561197987892800
76561198143957074
76561198154619616
76561198238082474
76561198406197520
1926901850653406"
76561197966525596
76561198274892809
76561199036892398
76561198328737013
1962354087108366"
76561198102234297
1741461105890707"
76561197982541199
76561198050859277
76561198032208793
76561198040679082
1486810541424180"
76561198059303910
76561198283820363
1698778230171959"
76561198097505119
76561198104469405
76561198091125226
76561198187135098
76561201519185670
76561198175701163
76561198029948168
76561198397814224
76561198099536103
76561198052669305
76561198054038810
76561198053108988
2006123336095690"
76561198103646565
1552130074909018"
76561198087703720
2065153353558730"
1760573887356654"
76561198837189472
1624655277633541"
1625973067519118"
1821933444567928"
76561198146817974
76561198106296424
76561197970662385
76561198117296429
76561198218830632
76561198091937173
76561198141111790
1224219304348049"
76561198312148721
1997371120324644"
76561198048357792
76561198202928399
76561198019765855
76561198348899809
76561198207042729
76561198135385291
76561198103652833
76561198271894161
76561198109747175
76561198394295492
76561198834928868
76561198281117573
76561198027929010
76561198071338417
76561197982312414
76561198129598647
76561198348812666
771098639680885">
76561198084698501
76561198065404990
76561198065360792
76561198083928130
76561198036166230
76561197985929743
76561198230884552
76561198121235243
76561201118194024
1522898607837690"
76561198190162550
76561198061876520
76561198177292545
76561197964717591
76561198286294605
76561198052251871
2005533189479943"
2084237831618257"
76561198013492990
76561198001430292
76561198082690335
76561198019031944
76561198025276374
76561198150101707
2130109590350212"
76561198191576345
76561198140546671
2098815950159859"
76561198146226911
76561198055636031
76561198090389098
1954746974566554"
76561197989020923
76561198054017980
76561198176063201
76561197971724284
76561198083716013
76561198080682747
76561197977611612
76561198027812914
76561198302850107
76561198000203901
76561198063223291
76561198104347415
76561198331041382
76561198022870269
76561198023084707
76561198158231057
1735187549884334"
76561198279364670
76561197971461979
76561198020155656
76561197960348407
76561198167596996
76561198095148692
76561197998794957
76561198066040481
76561198212322516
76561197960281452
76561198119189641
1699603543441291"
76561198055003096
76561198817276532
76561198358823645
76561198822078312
76561198031073179
1908980679120844"
76561198007550725
76561198050040597
76561198298119576
76561198228724608
76561197970967547
76561198049737929
76561198097344146
76561198143911641
76561198023104720
76561198086985264
76561198018241843
76561198217256924
76561198094032976
76561198062346718
76561197969732940
76561198034627841
1768683366503034"
1818234594901222"
76561197967761344
1757108517743055"
76561198076023100
76561197964690345
76561198040978907
76561198082499422
76561197967387972
76561200012374503
76561198060959737
76561198260526749
76561198143616325
76561197969076889
76561198843371631
76561198112536233
76561198025014147
2134778239873452"
76561198066639676
1610938592356097"
76561197961844536
76561198090125370
76561198020804147
1662139490574379"
76561201329751172
76561198332610989
76561198096326297
76561198067310758
76561198423681827
1631812553603474"
76561198026963069
76561198116730911
76561198169607305
76561198109847392
76561198115796389
76561197970248795
76561198006127995
76561198799273183
76561198027753455
76561198413090635
1662696927139908"
76561198086626056
76561198086528657
76561198138227877
76561198075990334
76561198068176123
76561198181944547
76561198001411890
1973782376017718"
76561198191038398
76561197990986917
76561198129460759
76561198014369135
1707097096047747"
76561198219348449
1681081178606413"
76561198824587803
76561198051286637
76561198277886733
76561198079897946
76561198024992633
76561198051672446
76561198120594697
2240840249274637"
1736774193083106"
76561198000590058
76561197972574527
76561198071749642
76561198192007063
2260187884021807"
76561198136083009
76561198081585573
76561198129734337
76561198094713576
76561198006709570
76561197968174160
2197013223658432"
76561198038894176
76561197990471200
76561198946414421
76561198095924206
76561198044580614
76561198048056721
76561197961425160
76561198197757561
76561198151073981
76561197968376745
1807081976049452"
76561197979936293
76561198280918413
76561198795797495
1806439676113039"
76561198362756521
76561198050101200
1791310384292285"
76561197983934308
1884164091635286"
76561198373311943
1912048008866110"
76561198253588118
76561198836463637
76561198080796528
76561198125361958
1600068800110094"
76561198069356844
76561198106632555
76561198411833351
76561198069359665
76561198170400255
1673142889432740"
76561198234132024
76561198162506467
76561198116529411
76561200385704878
76561198161351072
76561198215269529
76561197969337327
76561198271480963
76561198004434828
76561198097874762
76561198044811264
76561198346202782
2043303352369282"
76561198088950094
76561198064008470
76561198150117037
76561198049107167
76561202056934573
76561198108536434
1656127767756995"
2166842226691212"
76561197986479290
76561198847900775
1859986084063004"
76561198098883904
76561198025713771
76561197960265728
76561198135301985
76561198070095791
76561198158579735
76561198074226963
76561198050498011
76561198042638876
76561199351665012
1517278105048766"
76561198381416668
76561198058828784
76561198232395832
76561198108032931
1645229155596877"
76561198311869025
76561198799346101
76561198334053631
76561198110516363
76561198201938436
2052288724805303"
76561197993518840
1711084382312034"
76561198144006735
2094363533924968"
76561198027072400
2088594411175222"
76561198298755360
76561198156397560
76561198055247401
76561198015458515
76561198800789303
76561197980681444
76561198017434661
76561198373305841
76561198145117982
76561198143322050
76561198077853575
76561197982607538
76561197960832542
76561198142721058
76561198049394193
76561198062238027
76561198109329975
76561198043873414
2018782888197210"
76561198009638961
76561198193277687
76561198307043401
1996929073692744"
76561198034781085
76561198273544419
76561198054713039
76561198090059068
1829969017063581"
76561198038668708
76561198080416074
76561197996951164
76561198031587481
76561198049477474
76561198051572300
76561198197575558
76561198170463651
1789034987831121"
76561198015011847
76561198146745912
76561198023050858
76561200680385475
76561198165894982
76561198107256719
76561198013154477
76561198025821105
76561198271961313
76561198065933740
76561198049558814
76561198163645958
76561198044386310
76561198307896060
76561197964441270
76561198314732667
1676943455746033"
76561200487478093
76561198255250492
1500813940028608"
76561198027581267
76561197972109832
76561198190979857
76561198113766310
76561198096913790
76561198013347157
76561198080259458
76561198333125204
76561198452856322
76561198115733299
76561198042046618
76561198001100512
76561198336057740
76561198127943704
76561198122232375
1734497753303445"
1874942149231070"
1825820867479304"
76561198032584613
76561198084289304
76561198052332996
76561198182229239
76561198065387359
1650984578270955"
76561198204433891
76561198150647073
2007017326039045"
1814353898661169"
76561198814265830
76561198142334713
76561198098632297
76561198132516896
76561198256847048
76561201457995035
76561198144433877
76561198185136538
76561198026509151
76561198072265304
76561198059056169
76561198306142096
76561197970383548
76561198254034858
76561197987534603
76561198153334530
1515864745206341"
1498000120304141"
76561200880833803
2295641503787173"
76561198816618516
76561198080087028
76561197996010140
76561198151613272
76561198062500030
76561198016997356
76561198254105526
76561198050801123
76561198117348228
76561197990678459
76561198841945243
76561201735060829
1859053090792862"
1960609583958676"
76561197994029862
1776931852354606"
2085892954786256"
76561197997721452
76561198018864836
76561198051814517
76561198031218643
76561198023305656
76561197981736536
76561198061909259
76561198050387337
1694313020665351"
76561198376923918
76561198126858892
76561198156158774
76561197992992824
1472154062890127"
1998687300216153"
76561198309936979
76561198048190142
76561198086884472
76561198125045525
76561198054803516
76561198315095190
2275813195769900"
76561198917243824
76561198341439450
76561197979977903
76561198072254491
76561198010137696
76561198054892250
76561197975427208
76561198027920973
76561197970049583
76561198338698710
76561198028751208
76561198087330626
76561198355775237
76561198433787318
76561199753033231
76561197971674373
1537776069665098"
76561198040830383
76561198046443553
2089332547745957"
76561198116814495
76561198116642126
1698416463541662"
76561198078396337
1965820196826741"
76561198042577002
2283160101713584"
76561197987674558
76561198307971502
1614098678700273"
76561198176529240
76561198418599446
76561198134450115
76561198030630022
76561198335813912
76561198070063176
76561198071141591
76561199417326275
76561197970224579
1596060290507834"
1569960413109065"
76561198281692118
76561198039973578
1498126233626894"
76561198011030232
1823214524411012"
76561198060918195
1845789192110331"
76561198301751165
1714486571921475"
76561197968786799
76561198377338651
76561197990287345
76561198347585776
1712558992173720"
76561198081783241
1024930694298312"
76561198069833327
76561198028735835
76561198039316543
76561197994335179
76561198084767455
76561200244631749
76561198042601553
76561197995260168
76561198839032402
76561198204274027
76561198100544071
76561197976914174
76561197967775022
1704801452968972"
1710834362285486"
76561198119599233
76561198040602617
2019103014829967"
76561198414705977
76561198379937664
1965983023480362"
2218014641601831"
76561198320593174
76561201288818435
76561198025582174
76561198103595733
1698696240184265"
76561198832377109
1425138844259058"
76561198129930380
1695717210543558"
76561198211884703
76561198068465159
76561197980262928
76561198048282503
76561198067558767
1663904753716661"
76561198364984488
76561198092209824
76561198244240170
76561198170321978
76561198174177487
76561198029174474
76561198154507365
76561198013748949
76561198080602749
2184543324901342"
76561198045227846
1613201688799386"
76561198039921079
2503622769663603"
76561198030991918
76561198116090692
76561198062684041
76561198195888890
76561198149224689
76561198341723023
76561198813840120
76561198032715073
76561198027712460
76561197968574088
76561198074235124
76561198067991470
76561198068632802
76561197998390987
76561197989275184
76561198049244828
76561198235953422
76561198452084326
76561198006606058
1674145789360115"
76561198155611308
76561198395056509
76561198102245997
1879413885456926"
76561199814964028
76561198188885421
1940536012647356"
1724195744283119"
76561198006071015
1664173073708982"
76561198157101013
76561198143081409
76561198444240682
1703727763076627"
76561198383419388
76561198814026218
76561198084349555
76561198129261300
76561197999329109
76561198088896894
76561198009396382
76561198123669995
76561197966146543
76561198147000706
76561198130597438
1806075816128165"
76561197995393272
76561199672534867
76561198068046328
76561198055153952
76561198807126433
76561198064635462
76561198841573491
76561198194578989
1664906833616797"
76561198051746318
76561198062904759
2240240072718152"
76561198195754955
76561197987074094
76561198200243674
76561197983214195
76561198261612714
76561197994470429
76561198307278516
76561198037040039
76561198014219593
76561198025253583
76561198393992351
76561198169614873
76561198084554594
76561198276222900
76561198038182010
1541807209278398"
1594435800676529"
76561198074282193
76561198299406216
76561198369211225
76561198007884824
76561198006985112
76561197960448962
76561198371416109
76561198033499478
76561197993554638
76561197978528934
76561197971439024
76561198036215705
1787190381338147"
76561198079768178
76561198115597508
76561198062204713
76561198168511079
76561198016488195
76561198129589930
76561198150970300
76561198799285268
1654418244666113"
76561198302239861
76561197988819036
76561198138531125
76561198075193402
76561198040386445
76561198044582362
76561198161021873
76561198382874584
76561199039586450
76561198058101004
76561198368381584
76561198842438133
76561198256700434
76561198420980089
76561199620156202
76561198099840900
76561198813431138
76561198159917973
76561198017787408
76561198262109496
76561198196288041
76561198840210151
76561198084787267
1811371145568326"
76561197987518154
76561198077335389
76561198077128221
76561198044099662
76561197977379285
76561198028096525
76561197993765434
76561198025419330
76561197995602970
1937307579674002"
76561198444819406
76561197962309254
76561198035565779
76561198315388251
76561198008877407
76561198005060107
1971392956213165"
76561198118837150
76561197986147833
1965143126894076"
76561198163280701
76561198273905827
1553625414741736"
1780123642081585"
76561198107342688
76561198062632617
76561198075108875
76561198324737423
76561198041102932
76561198433778852
76561200846746186
76561198317888872
2097656496925106"
76561198144572599
76561198348778064
76561198324395307
76561198075126911
76561198072708390
1996145280457891"
76561198133900648
76561198102464861
76561198141566348
76561198006596505
76561198084651309
76561197961154918
1912521502111660"
76561198082920578
76561198206853608
76561201618230498
76561198113961716
76561198041726676
1698901860232591"
76561198395603157
76561198198044978
76561198104452169
76561198178054407
76561198149326838
76561198139955312
76561197970806698
76561198350458707
1095482117243043"
76561198068912429
76561198042032245
2320192574673852"
76561198066328033
76561198023312889
76561198063499842
76561198129227326
76561198053634357
76561198006485233
76561197999872954
1802163956488750"
76561198057359278
76561197961570594
76561198000042335
76561198064030744
76561197979420723
76561197979042739
76561201925757075
76561198796563380
76561198007005434
988471217944589">
76561198031517316
76561198151754804
76561198008352797
1552317171543408"
1582581561871686"
76561198200833422
76561198118535746
76561198059870994
76561198113624251
76561198022459893
1691955054246119"
76561198019719021
76561198194863967
76561197995015419
1541543465954662"
76561197965712894
76561198074243641
76561198076497602
76561198020358194
76561198032084683
2142201369130289"
1719884888126760"
76561197989777157
2007156705985591"
2315875135151658"
2138893312819145"
2149149165126490"
76561198309144050
76561198164560009
76561198042470440
1935771839776509"
76561198010201881
76561200251098393
76561198383569263
76561198082916547
76561197976434035
76561198835253634
76561198037486081
76561198161866266
76561198034069260
76561198434108609
76561198080583325
76561198124283647
1658733800908982"
1827184317319140"
76561197973727230
76561198284220248
76561198238057450
76561198136618739
76561198170243922
76561198065945680
76561197970682443
76561197968114974
76561198826207073
76561198031945280
1816731068440589"
76561198083486434
1909728445712446"
76561198063042934
76561198297301579
76561198019820484
76561200977711979
76561198845231922
76561198076112585
76561198153590226
76561198355135713
76561198080098668
76561198109013507
76561198055392917
76561198125847130
76561201285358514
2272346209474768"
895939367197306">
1523616744432580"
76561198096774314
1677488048955189"
76561198004364358
76561200243070300
1689820994417537"
76561198057553634
76561198162229149
76561198014285064
76561197982152702
76561198030776186
76561198330981841
2351087201571492"
76561197971857784
76561198446229853
76561197992710091
1682616988459259"
76561198002570802
76561198046624754
1814435075307924"
2542783172414086"
76561198019176385
1745026098926953"
1989098021161654"
76561198072068322
76561198137278027
1688973107854078"
76561198057084248
76561198051199975
1806686819381160"
76561198321388154
76561198191706561
76561198105233232
76561198152442206
76561198348480738
2153977984617895"
2080601521969847"
76561198813813073
76561198040770354
76561200795365271
76561198824356474
76561198001723729
76561198010740372
76561198085371899
1848882788504300"
76561198392919549
1596930487082055"
76561198567094448
76561198100855079
76561197994104871
76561198059210761
1910558699008586"
76561198087292945
1842724565774113"
76561198050903104
76561198024384555
76561198149780260
76561197960703226
76561198443565126
76561198845632221
76561198805099398
76561198023539545
76561197996082625
76561198263650295
76561197964921149
76561198043355362
76561198140476564
76561198042260983
76561198123994917
76561198015638079
76561198020676830
76561198132704964
76561198398464722
76561198150188848
76561198017260636
76561197967860715
76561198063955617
76561198079756672
76561198084563556
76561198036398683
2138452956181902"
76561198388395335
76561198039676641
76561197984258955
76561198051427676
76561198105951651
76561198066199001
76561198399461639
1689546287792237"
76561197972439359
76561198078393440
76561198063137028
76561197995564544
76561198045924533
1996460563719598"
76561198024456917
76561198045095645
76561198272032727
76561198810533656
1842233525796868"
76561198053473265
76561198121514689
76561198824934027
76561198083049778
793482184108756">
76561198061350288
76561198079229229
76561198050475891
76561198019201399
1770088453074989"
76561198041950226
76561198323291699
76561200457819925
76561202135737894
76561198034569803
76561198446916215
76561198091453186
76561198134464076
76561198119552016
76561198203210379
76561198108564124
76561198045138267
76561198390811299
76561198017261612
76561198046530094
76561198110747049
76561198031355849
76561198020474027
76561198066925122
76561197961108804
76561198097127086
76561198828160891
76561198057812598
1946738935397542"
76561198065366995
76561197970656730
76561198158964038
76561197991695557
76561198067868404
76561198123703255
76561198019704034
76561198086954399
76561198096800890
76561198082403764
76561198118214274
76561198068612898
76561198165597017
76561198082249083
76561198125237716
76561198321075166
76561198142931705
76561198026752905
76561198021664655
76561198092714242
76561198119010852
76561198130738832
76561197986008329
76561198069587624
76561198020019958
76561198803056148
76561199483259960
76561198453053759
76561198149563530
76561197968751493
76561197969388632
76561198160881526
1690085561041131"
76561198371947325
76561197987703850
76561198009606895
76561198083324619
76561202201587150
76561198141628929
76561198174969594
76561197976605780
76561197983415028
76561198066477805
76561198023276969
76561198085056205
76561198159479232
76561198102475011
76561197973995859
1848479871913757"
76561198079419068
76561197988153281
76561198023790575
76561197965048448
76561198121221576
76561197979685911
76561198043858196
76561198020634197
76561198072258568
76561198042046293
76561198197160206
76561198308636930
1343489905750591"
76561198974737852
76561198824025553
76561198262033971
76561198198301671
76561198068018530
76561198085987508
76561198190217051
76561198064822565
76561198383946166
76561198101235550
1651979158227243"
76561198425542724
76561198383396275
76561198816573548
76561198434178906
76561198005837731
76561198048084125
2124698944213894"
76561198382962796
1009500035841660"
76561198079941557
76561198125584361
1564250360351342"
76561198120896651
76561198168068398
1595375383905651"
76561200187056128
76561198327364741
76561198081924014
1968865426469590"
76561198068677207
76561198039542808
76561198274593910
76561198845835627
76561198257582945
76561198030317599
76561197970552443
76561198139807811
76561198815969436
76561198398353838
76561198374693627
76561198742435090
76561198017440701
76561198292456865
76561198030998557
76561198269354359
2092124324134603"
76561198309669662
76561198076163254
76561198025299406
76561198050063869
76561198075731960
76561198406212047
76561198447891984
1575722132525935"
76561198072480725
76561198183224281
76561198035620893
76561198013439134
76561198120678299
76561197970178386
76561198154831163
76561198321008764
76561197996668661
76561198062030664
76561200885287161
76561198084726458
76561198243263572
76561198261293577
76561198215849148
1805348696225183"
2056002157745352"
76561198008953828
76561197968287968
76561198162245662
76561198045306344
76561198368390644
76561198053326438
1845297532247346"
76561201995564911
76561198119900586
76561198052572783
76561198949274687
76561198075791340
2143326629028647"
76561198028994690
76561198064690687
1733225850091431"
76561197995327248
76561198041484163
76561198109467972
76561198845192251
76561198061586552
76561198046413696
76561198795911489
76561198147596932
76561198099968701
76561197995142728
76561198112611995
76561198032334253
76561198065610691
76561198328060734
76561198282943250
1748466478563780"
76561198153680288
76561198164716835
76561198369904799
1951830678161319"
76561198037486997
76561198201878562
76561198265120482
76561198023080715
76561198060596745
76561198044809837
1638854256234227"
76561198049019154
76561198363267379
76561198800032951
1836060846432401"
76561197995886022
76561198066652599
76561198001272435
76561198025797724
2271790082847513"
76561200112494260
76561198052574340
76561198203203624
76561198075422282
76561198144373039
76561198094316354
76561198051082294
1689422494481508"
76561198384636569
76561198043961946
76561198181698091
76561197996766109
76561197994717042
76561198110436428
76561202022971115
76561198033755734
76561198260867434
76561197995403907
76561198093363730
1685616381526366"
1909825039081229"
76561198005076690
76561198034422951
76561198189517802
76561197992133379
76561197983141304
76561198369683445
76561198040298764
76561198206902880
76561198144707347
76561198090912169
2017781821586699"
76561198073541175
76561198148362261
76561198848401741
1576406342468527"
76561198079633278
76561198007394444
76561198217726225
76561198168698901
1515903215182910"
1504753982987162"
76561198329030476
76561198094177238
76561198840109989
1481853051919884"
76561198069548596
76561198081620620
76561198035072309
76561198350731464
76561198047316006
76561198094042727
76561198067480817
76561198375073369
76561198102385340
76561198113181814
76561198062505788
76561198395201737
1978333725524372"
76561198452704672
76561197997953466
76561198351791888
76561198048465539
76561198009532746
76561198840265134
76561198126062268
2050350515007372"
2008269422578242"
76561198820971625
76561198331394051
76561198111266088
1811322652261150"
76561198033627880
76561198416572266
76561198334489967
2003698363033940"
76561198055901730
76561198019867751
1609595329149430"
76561198061763430
76561198202690303
76561198097043944
76561198328692031
76561198011139135
76561198006898201
76561198095634292
76561198375545922
76561198848793750
76561198269421633
76561198102892117
76561201833441029
76561198363821142
76561198847528190
76561198173474421
76561198025455831
1813994652023806"
2119822518059466"
76561198030045977
76561198060550892
76561198347545385
76561198136981202
76561198007859958
76561198064871688
1985580151494934"
929604467164137">
76561198353631907
1810547285698526"
76561198006226244
76561202201242581
76561198046939856
76561198064322045
76561198120541302
76561198014309455
76561198372187260
76561198114933162
76561198035229071
76561198155168340
76561198088370195
1793379524032480"
76561198813204752
76561202235517378
76561198409489562
76561198330184728
76561198052277346
76561198084215469
76561198346611785
76561197992726977
76561198023777576
1524528364318341"
76561198004479281
76561198012563134
76561198127197463
2027115494028990"
76561198802428627
76561198020910827
76561198292900201
76561200521093081
76561198115481025
76561198160461227
76561199310301959
76561198062168150
76561198845022486
1750835551652989"
76561198009225509
76561198069506202
1702890216465328"
76561201800971281
76561200987273419
76561198038987433
76561197961106894
76561197973138916
76561198123076159
76561198019844246
76561198000354100
76561198140236529
76561198272974770
76561198023397641
76561198058914496
76561198085554698
76561198001394368
76561198001715087
76561198044414057
76561198425053659
76561198088421080
76561198110386361
76561198274063240
76561198040947163
76561198256856320
76561198050719482
76561198164560169
76561198068851674
76561197970499108
2160477493992438"
76561197982197665
76561198570325115
76561198044147185
76561198165384576
76561198107932883
76561197986773042
1731331710315740"
76561198032085513
2470415816317965"
76561198175139614
76561198420021291
76561198010497282
76561198427227975
76561200761690505
76561201693089922
76561198055642030
2177995725558974"
76561197998953927
76561198421773933
76561201019258517
76561198087299334
1850318488392181"
1985623264841083"
76561198293046029
76561198110012611
76561198028007404
1732515376817739"
76561197995132203
76561197993431459
76561198285900921
76561198045059557
76561198166026456
2052634021444512"
76561198000015743
76561198053075356
76561198112128089
76561197970936193
76561198069486803
76561198255037186
76561198082375152
1872310872819305"
76561198124136846
76561197986827777
76561198012790803
76561197994957785
76561198026453358
76561198021939942
76561198306286296
76561198058238483
76561198326630635
76561198066246158
76561198042726605
76561198081752201
76561198096023955
76561202020631216
76561198260233285
76561197998090093
76561198019959556
1649677375130768"
76561198041838714
76561198124272029
76561198139534031
76561198401581053
76561197985866195
76561198024524401
76561197999704933
76561197968996755
76561197961819450
1683924041729418"
76561198049619526
1609918162454500"
76561198376138874
76561198009239624
2006706562687138"
76561197972270742
76561198044385544
76561197981047411
76561199172549571
76561198212715900
76561198310181545
76561198124835281
1556631267795768"
76561198420548364
76561198191856335
76561198009508781
1764829410262434"
76561198027983685
76561198432904771
76561197976610819
76561198354187545
76561198206504384
76561198041057770
76561198042179182
76561198127568039
76561198133336613
1983439195051467"
76561198123853385
76561198174993171
76561198051880537
76561197992022135
76561198077817370
76561199414641875
1924078784325828"
76561199138347660
76561198080119319
76561198843962320
76561198113231601
76561198110208466
76561197970481019
76561198837970939
76561198072371091
776795079110804">
2175827579094005"
76561198145309210
76561198006185153
76561198215733789
76561198804686444
76561197973450281
76561198944233387
76561198404105860
76561198088708923
76561198065229866
76561198048697707
76561198020810086
76561198025472744
76561198011397755
76561198055664321
76561197962484393
76561198065588973
76561198121916160
76561198205548359
76561197972040663
76561198040122223
76561197996913732
76561200177770118
1623956514400219"
76561198054512492
76561198098052929
76561198000268973
76561198069711679
76561198286989637
76561198208834819
898596896931849">
76561198980951046
1699417126846627"
76561200524760799
76561201258522858
76561198002917872
76561198137906370
76561198005237069
76561198100215728
76561198014751787
76561201187766354
76561198139549347
76561198064738730
76561198820242307
76561198311145664
76561198126615733
76561198208710383
1951386201560392"
76561198007552842
76561198834150855
76561198211986453
76561197982821395
76561198040101936
76561198058521966
1711953838912411"
1321918611242826"
1903902766340196"
76561198115744185
76561197984603318
76561198043202104
76561198004273918
76561197978045070
1586979534747051"
76561197987520992
76561197980001970
76561198126755963
76561197961317467
76561198019543345
1729471383812800"
76561198018836990
76561198007920409
76561198044960995
76561198287741711
1827466533979655"
76561198121972288
76561198075976718
76561198117619007
76561197970274047
1760896680613857"
76561198214105563
76561198452232813
76561198123011676
76561200983843385
2048496611858041"
76561198327483177
76561198844455214
76561198127609998
76561198077447845
1890927874297662"
76561199149161736
76561198061533694
76561198065774766
76561198084032328
76561198146335897
76561197988131043
76561198074381781
76561198027433646
76561197999943011
76561198038526113
76561200885828901
76561197998099573
76561198149750928
76561198055263875
76561198033089354
1809934672397583"
76561198052270752
1756652801108892"
76561198168294274
76561198832795387
76561198131307332
76561198012291070
76561198067573008
76561198240463242
76561198192240037
1791752557579672"
76561201188128196
76561198414736977
2174547492560192"
76561198371298768
1706294752752695"
1836212663128944"
76561198148577972
1893970974002667"
76561198081693763
76561198091177977
76561198203089925
1753717294720584"
76561198035607356
76561197969006260
76561198170035023
2044019235640526"
76561198038794932
76561198207559835
76561198003469497
76561198044565660
76561198120938330
76561198040311004
76561198441958747
1737026859727091"
76561198128706906
76561201452762344
76561198354220287
76561198031819645
76561198810913674
76561198844048105
2221325597879357"
76561197963999456
76561198805029056
76561198082027578
76561198060548885
76561198836728397
1992182370823474"
76561198442526695
76561198004313811
76561198047174157
76561198812305292
76561197998486154
76561198131876943
76561198154548126
1732656656781456"
76561197987330450
76561198376703673
76561197987693790
1846646498719028"
76561198218820052
1731222583623071"
76561198070128997
1501131903330429"
76561198432576192
76561197988835234
76561198082768124
76561198034602920
76561198325438281
76561198039045589
1735650016521114"
1767407443326692"
76561198080256831
76561198357130397
76561198003895514
76561198844340962
1917498744979668"
76561197986551529
76561198048418463
76561198107365180
76561198090819069
76561198049438612
1773053006104384"
76561198016706144
76561198018393358
76561198191398498
76561198409865282
76561198040679959
76561198106831952
76561202036295372
1587267298066584"
76561197970780880
76561197971027934
76561198149556393
76561198039124257
76561198094233399
76561198256666262
76561198167341544
76561198014160943
76561198028080085
76561198260293803
76561198031536141
76561199517314560
76561200413638672
1349411085160173"
76561198083014648
76561198004861672
76561198070095155
1834435396607579"
76561198825201115
76561198397085958
76561198127786027
76561199739790547
76561198041384012
76561198182050999
76561197977031102
76561198081123114
76561198012317219
76561198201845539
76561198083417157
76561198022730483
76561198401280247
76561198154119590
76561198193082146
76561197999795144
76561197960959762
76561198428203690
76561198050843925
76561198107553367
76561198175850831
76561198062885296
76561198121941992
76561198705572730
76561198035796453
76561197969800212
1796867560373374"
76561198000914789
76561198034373605
76561198354616288
76561198119037612
2040136802694800"
76561198184587587
1838278526265117"
76561197991961201
76561197984385931
76561198081206083
76561198060329832
76561200186212793
76561198001002221
76561197977461490
76561198102064782
76561198209275955
76561197972198140
76561198017306393
76561198031086254
76561198201388963
76561198168000758
1600739976711926"
76561198111536207
76561198038032840
76561198080277842
76561198072013446
76561198035197393
76561198442960081
76561197966202891
1982445865130122"
1768383323238950"
76561198037686133
76561198308141923
76561197970860978
2145880042092086"
76561198006324270
76561198044839364
76561198028277978
76561198299607063
76561197992650528
76561198167797881
76561200986637997
76561198139755343
76561198084759540
76561198046755491
76561198042414377
76561198084781815
76561198066481256
76561198345756855
76561198031935149
76561200523012447
76561198124992099
1852808098113428"
76561198202896189
76561198054100190
76561198088893800
76561198000562937
76561198099066475
76561197970418127
76561198120598689
76561198075679314
76561198033722658
76561198121898828
76561198833740138
76561198072589702
76561198033249103
76561198012076128
76561197992403642
76561198100408251
76561198009806383
76561198156220328
2024401264300077"
76561197963273347
76561198169416077
76561198197333021
76561198027755233
76561198382347143
76561198150235312
2279383278769250"
1731344606950715"
76561198039798549
76561198052002023
1843536599046100"
76561198313419842
76561198010668601
76561198093620435
76561198062285914
76561201622310653
76561198051679635
1727457684039458"
76561198007663696
76561198027509281
76561198008210197
1813334338754908"
76561198375545857
76561198005212449
76561198077720083
76561198130746852
76561197997897850
76561198013119250
76561198106443745
76561198090193379
76561198242399998
76561198019099726
1887396617971661"
76561199406458395
76561198000875507
1339865442781952"
76561198340157984
76561198251347928
76561197972475504
76561198034874789
76561198082685426
76561198473113346
76561198001069938
76561198805231196
1639900002794970"
76561198052367473
76561198064611403
76561198157429093
76561198029596296
76561198105904302
1820582431313182"
76561198069668390
76561198848299290
76561198421612135
76561198471020993
2088670341149800"
76561197999849661
76561198026390009
76561198044023362
76561198155274971
76561197981005370
76561198083591958
76561198141721724
76561198052973535
76561198111285553
76561197968360228
76561197967687596
76561201729447568
76561198190640038
2210555842295061"
1773537826061788"
76561198198736587
76561198001806164
76561198040041218
76561198278675543
76561198346161973
76561198107217572
76561198143344792
1861142527270235"
76561198061479576
76561198213616463
76561198060153946
76561198205769745
76561197972794538
76561198197855990
76561198044717644
76561197983157237
76561198128927401
1604163043026332"
76561198015022555
1842242699148055"
76561198215446527
76561197980235809
76561197985314583
76561198045930958
76561198002517034
76561198306538993
76561197990676068
1706617522749913"
76561198287645291
76561198120057223
76561198148879762
76561200083046057
76561198079867665
76561198084112670
76561198086134427
76561198175228085
76561198216537975
76561198000370610
76561198029520005
76561197998987558
76561197992490104
76561198129048366
76561198403306788
76561198018684573
76561198796639972
76561198052939040
76561198068666997
76561200627741298
76561198173616294
76561198103645619
76561198159804026
76561198032405180
76561198066358468
76561198341546754
76561198085978119
1580817198707330"
76561198008731145
76561198019158428
76561198849439662
76561197963742637
1514213132038239"
76561198840280720
76561198127035634
76561198079253540
76561197998413729
76561198842909701
76561198007264844
76561198139879030
76561198253464642
76561198132350993
76561198417990859
1695332407216177"
76561198298529630
76561198116574264
76561198090405871
76561198396882421
76561197994041676
1910497478982017"
76561198077352986
76561198066598829
76561198818358697
76561199340866625
1865899646763909"
76561198107061050
76561198038814996
76561198086386946
76561197997951975
76561198404013511
76561198046951391
1758809964186882"
76561198035432420
1970994182932524"
1595952153865335"
76561201451524826
76561198007009971
76561198105213629
76561197978907620
76561197987050713
76561198838049508
76561197994525282
1837437449672376"
76561198041634869
76561200758884891
1997825140269740"
76561198169313673
1657650834350272"
76561197964716127
76561198014836358
1533014293487971"
76561198070658829
76561198010863562
76561198038087267
76561197965744945
1663234190464458"
76561198826969387
76561198045363650
1464272440345942"
76561198055486935
76561198062249407
76561198058365261
76561198095304397
76561198542785723
76561198177079943
76561198046804951
76561197982306733
76561198012571749
1968553933154750"
1865217903499267"
76561197963111193
76561197961156956
1772606802831463"
76561198204334408
76561198135837605
76561198044311604
76561198038580786
76561198146384433
76561198086105844
76561199782546721
76561198333509076
76561198076338227
76561197970501195
76561197983496585
76561198706225752
76561198397041639
1982579685149684"
76561198079192339
76561198027484462
76561198025820745
76561197961046243
76561198105259568
1634904779891187"
76561197979403793
76561198132938546
76561198137802403
76561198131207669
76561197989724251
76561198111613425
76561198228213104
76561198188208277
76561198044917170
76561198057460593
76561197999925729
76561198046556010
76561197996205831
76561197996244703
76561198039286567
76561198186916769
76561198042727141
76561198061446915
76561198077269017
76561198196473883
76561198104945215
76561198004789566
76561198081631914
76561198164679803
76561198168719260
76561198383814977
76561198096892279
1917175495013337"
76561198067328608
1969048296446964"
76561198052267824
76561198800130932
76561198304188630
76561198138001920
76561198315220904
76561197963827068
76561198068416874
76561198100262557
76561198450624907
1688511601184020"
76561198007269511
76561198048741495
2487597174591601"
76561198106077409
76561198313698448
76561198362859289
1955877361153055"
76561198150024366
76561198028743750
76561198073973732
76561197978394978
76561198026319853
1811647452250155"
76561198089984244
76561197971372106
76561198101766193
1909750362378730"
76561198035485607
76561198837351035
76561198049109647
1669535783115361"
76561198139855675
76561198018510248
2024185520926281"
76561198017390592
76561198170221526
76561198126397034
76561197996207732
76561198071597200
76561198264156935
76561200751635046
76561198091337834
1665022116866205"
76561201287949591
76561201895126119
76561197995640233
76561198806263796
76561198104794447
1918481654879064"
76561200818330365
76561198134082825
76561198093528005
76561198116057192
76561198044113143
2056536527690369"
2330870970263599"
76561197977196169
76561198218403301
76561198087710901
76561198128776919
76561198064229326
76561198112139539
76561198046543991
76561198085093435
76561198055427646
76561198464494944
76561198207883268
76561198273360040
76561198065269835
1683672111686459"
76561198145125636
76561198140949168
76561198037785374
76561197989060662
76561198158173386
76561197999027464
76561198051902628
76561198001154104
76561198088474468
76561198094258392
76561197997820734
76561197993171137
76561198009386969
76561198081579301
76561198119777930
76561198139837440
76561198071100493
76561198220062141
76561198094384339
76561198154416929
76561198345274444
1751299411584464"
76561198112702148
76561198088134120
76561198073922014
76561198389370953
76561198148332827
76561198125835019
76561198198666623
76561202100997893
76561198810972280
76561197994422134
76561200084171274
1978168982254000"
76561198094034725
1892214904134639"
76561198118430670
1761367717273515"
76561198372791226
76561198107782211
76561198240428702
76561198440517236
76561198263555130
76561198135379714
76561198072925545
76561197983579969
76561198401667364
1944583698906021"
1948947971847384"
1737065213013474"
76561198019581792
76561198092607591
76561198666325922
1738829006212310"
2013952878677448"
76561198119576716
2220956501278348"
76561198131394494
76561198034318590
76561198071541198
1846420115425489"
76561198109109116
76561197997191889
76561197986262916
76561198070582112
76561198845560994
76561197998938592
1422352054534486"
76561198376828582
1882664341792475"
1681621308626115"
76561197974169257
76561198115168638
76561198095085879
76561198102506404
76561198079334881
76561198302878811
76561200218672084
76561198199055414
76561198041621718
2031720343526079"
76561198172282719
1655295554520308"
76561198013800171
76561201260426336
76561197997790997
76561198029449048
76561198126200674
76561198340129820
76561198039725144
76561198105328269
76561198318053928
76561197970530257
76561198060886413
76561198051416813
76561197998344701
76561198160953829
76561198118919754
76561198131055319
76561198811085898
76561198403899262
76561198045632894
76561198050243016
76561198811757749
76561198090472704
76561198118782887
76561198809895822
76561198181874939
76561198044484559
76561198032977834
76561198120312450
1697271320341810"
1942205382508646"
76561198041076197
76561197998784599
76561198047761044
76561198136404717
76561197995420225
76561198799226909
76561198157695010
76561197970566165
76561198044095550
76561198026263121
76561198113340191
76561198147335683
76561197961911485
76561197982916133
76561198053208999
76561198134133886
76561198035917607
76561198139924144
76561198112227275
76561198043707521
76561198383450291
76561197960472881
2261356587212995"
76561198036449376
1853866707993334"
76561198045106352
76561198031576995
76561198093599755
76561198081603431
76561198833987942
2070511446305961"
76561198055983248
76561198014160491
1538048582989302"
76561198028679064
2067858619931730"
76561198838473355
76561198132561368
76561198101262825
76561198449331268
76561198407511109
1919849978060102"
76561198119129527
76561198120942059
76561198261853083
76561197985869557
76561197984056693
76561200627678277
76561197971336338
76561198091156023
76561198840010469
76561201291962050
76561198292618401
2282354468460548"
76561198159574183
76561198407490104
76561198051420656
76561198068758063
76561198063960069
76561198330855751
76561198002568894
76561197993483103
1903924726327149"
76561198008509443
1799723086776332"
76561198802098783
76561198066471859
76561198084781784
76561198039391132
1711434375621020"
76561198035365407
1759866907369144"
76561198367940386
2064177710291085"
76561197983964241
76561198358794720
76561198014997801
1989334627804168"
76561198216216776
76561198080116306
76561198143607101
76561198049646815
76561198107669555
76561198365657378
2058354010864536"
76561198025144953
76561198024695617
76561198200145966
2003552819720191"
76561198120264075
76561198090494533
76561198125944762
76561198356422775
76561198254847741
76561198005296871
76561199472996904
76561198406248527
76561197993202675
76561197975470429
1688632267916098"
76561198110101684
76561198112378823
76561198071404213
76561198232220836
76561198382032399
76561198399803384
76561198047201397
76561198101445072
76561198047445993
76561198004628849
76561198032057828
76561198113977918
76561198096141077
2339298719419612"
76561198271124743
76561198377947051
76561198019318775
76561201889718838
76561198350240610
76561198281328328
1485186208259941"
1794745147253240"
76561198029740061
76561197986337454
76561198826867685
76561198006713808
76561198840522276
76561198086795100
76561198214248355
76561198043696499
76561198040345263
76561197962469976
76561198026082423
76561198150424347
76561198149788998
76561198045869171
1791888674187544"
1979978302074645"
76561198135807421
1890833217651118"
76561198322138840
76561198804192831
76561197987219453
76561198316010825
76561197991242327
76561198152250326
76561201030309577
76561198032022141
76561198020015821
76561197990907535
76561198040685821
76561198064238643
76561198027341597
76561198095666214
76561197972287212
76561198125421191
76561198378457703
2021007231266717"
76561197972914544
1934424793296553"
76561197979025430
996706720454205">
2049569668450389"
76561197990553757
76561198021651037
76561198135411902
76561198021970359
76561197999572297
76561197968425747
76561198077437126
76561198168349740
1944652052260392"
76561198844088814
76561198243841568
76561197970490540
1906234216064068"
76561198453010911
76561198077588552
76561198154910611
76561200350353972
76561198004060173
76561200647751819
2454120334613534"
76561197974599588
76561198088596200
76561198067533449
76561197960552156
76561198066219613
76561198164567892
1710153812411415"
76561202204413139
76561197999154995
76561198817401300
76561198400494948
2155538207852100"
76561198011115600
76561197993837847
76561198058213615
76561198282610567
76561198081288264
76561198122251043
76561197997999718
76561198020474736
76561198388706659
76561198209007836
76561198194735829
76561198844334055
76561198243036374
76561198379319838
76561198026471692
1601737156603594"
76561198210442256
76561198025349958
76561200248326017
1510476105728871"
76561198087066690
76561198844166070
76561198012079037
76561200280317851
76561198013177347
76561198009742555
76561199650406186
76561198037582672
76561198341141950
2391975147482954"
76561198081121263
76561197998581801
76561198076710616
76561202191319717
1524177114357373"
76561198166902305
76561197987823028
76561198216224291
76561198215280451
76561198125755612
76561198095314556
2012835952060001"
76561198071161750
76561198046650004
76561198002215123
76561198315131273
76561198002904865
1661461553969171"
1701853706528376"
76561198316063960
76561198052549034
76561198183103257
76561198408342885
76561198162662650
76561198166903709
76561198083180561
76561198059394704
76561202198382958
76561198174093329
2152858658117781"
76561198076246876
76561197994444598
76561198084298709
76561198164723773
76561197989808920
76561197987604797
1964459453624449"
76561198021477236
76561198067881830
76561197979657122
76561198033317720
76561198062454939
76561198031891189
76561198049021961
76561198081800742
76561197962945444
76561201924258496
76561198128408004
76561201123259540
76561198143606591
76561198050835209
76561198061596557
1631365716986147"
76561201618445613
76561198172902565
1353912721375599"
2169162669780043"
76561201084359857
76561198015678579
76561198105920351
76561198834056301
76561198852320836
76561198313152312
76561198193222907
76561198093677068
76561197962129824
76561198030262203
76561198053182568
76561198007224803
76561197998985044
76561198165797816
76561201960063228
1968128663238980"
1794948180566876"
76561198068002465
76561200053848467
76561198009846668
1799981230089438"
76561198182297367
76561198061668151
76561198286609782
76561198030561460
76561197963980890
76561198129971796
76561197972705461
76561198098305227
1627909290641783"
76561197969708992
76561198397819660
76561198808965440
76561200150646114
76561197993265534
76561198045461314
76561198271689390
76561198353391340
76561197982952709
76561198041466522
76561198088410603
76561198119591954
76561198032653303
76561198046800201
76561198024018312
76561198302119776
76561198065903161
76561198118921925
1918572314848432"
76561198107787646
76561197972429666
1709936622437173"
1660172637435106"
1717643091637708"
76561198096560701
76561198006200100
1994005870670143"
76561197967598737
1704008739687352"
76561198124413018
76561198067195051
76561198006571286
76561198402871045
76561198180373607
76561198082726788
1723572411094378"
76561201557092663
76561198098097293
76561198005815469
76561198047819840
76561199213081788
76561198387632112
76561197993378071
1775702405870345"
76561198835250475
76561197970606994
1512534585539683"
76561201355219816
76561198085351040
2205071429518181"
76561197965008662
76561197991147696
76561197989953659
76561198280887529
76561198026585559
76561198243249794
76561198104392243
76561198118131885
1937810682929812"
1909315812413225"
76561198134416434
76561198014825303
76561198098093123
76561198294898074
2213272278687861"
76561198158254733
76561198340680215
76561198070055597
76561198044606582
76561197995780187
76561198143119493
76561198269401576
76561198259561692
76561198313655425
1685160344924748"
76561198101817611
76561197965872162
76561199507747886
76561198149553839
76561198390425827
76561198451431054
76561198000815780
76561198079667507
76561197968015409
76561198196118297
76561198015940335
76561198090313631
76561198120836909
76561198841703700
76561200425084737
76561197989148939
1662108730551944"
76561197996632062
76561199839386804
76561198109747291
76561198045731508
76561201927145349
1090953454363255"
76561198001020809
76561198048657476
76561198159005501
1921158897918863"
76561198071466660
76561198040419643
76561198082980980
76561198236967658
76561197999821700
76561198118282519
76561198275881886
1991932607546515"
76561198844406165
76561197997695358
76561198022136131
76561201730915872
76561198069758755
1915979835102907"
76561198006724111
76561198048566851
76561198046717782
76561198809358038
76561198246591976
76561199471993179
1964819823590335"
76561200076044079
76561198056322173
76561197970488915
2009612782405027"
76561198080741947
76561198047185084
76561198846024953
76561198032578380
76561198043967326
1754764727935273"
76561198156541082
76561198075111547
76561197976112577
76561198058549768
76561197985981402
76561198036683866
76561198174799697
4666142093495091"
76561198565350309
76561198354916227
76561201295866725
76561198072179178
1769894499739108"
76561198116385318
76561198347603377
76561198055182427
76561198125399217
1703256526423966"
76561197993354991
76561198019357895
76561198015178422
2180591411965892"
76561198001936485
76561198170622393
76561198062247391
76561198051682638
76561198209120989
1780828205308317"
76561198152284224
76561198079111467
76561198156860255
76561198066643265
76561198076459801
76561197963425817
76561198076885684
76561198046409053
76561198105553734
76561197995718130
76561197971830366
76561198099064979
76561197992897247
76561197985151107
76561198409141890
76561198377710997
76561198420907612
76561198130923817
76561198074111978
76561198077535613
76561199648054929
76561198389820921
76561198194089366
76561197979875620
76561198288082710
76561198032314301
76561197961169303
76561198012190494
76561198005653043
76561198039361589
76561197970640114
76561197988541282
76561199610897586
76561198050151083
76561198838111370
76561197994836988
76561198202663618
76561198144679511
76561198850498641
1648233328559904"
76561198080578137
76561197993369234
76561198263222250
76561198047742939
76561198007024578
76561198096305388
76561198378226959
76561198145599955
76561199471577465
76561198167251613
76561197992131668
76561198147948639
1720465254734890"
76561198027001016
76561198099232037
76561197962797835
76561198169460087
76561197976087543
76561198064794966
76561198258844880
1879400252105847"
76561198814891936
76561198177824291
1571159322989850"
76561198131217685
76561197998812398
76561198097864769
76561198003258884
76561197964831827
76561198278317542
76561199851213907
76561197962870010
76561198943681515
76561198075412070
1748607608568514"
76561198102376282
76561201124305027
1946000925431134"
76561198179044519
76561198148840457
76561198031072221
76561200489612055
76561198111940490
76561198049917395
76561198141639309
960222584103090">
76561198137679428
1714415348644255"
1758552814236816"
76561198312057910
76561198055369277
76561198408994881
76561198311303004
76561197994769788
76561198065599442
76561197973841003
76561198276590179
76561198080691067
2248191675221704"
76561198037882777
76561198050839487
76561198165157960
76561197991828377
76561198007651160
76561198017157536
76561198057518454
76561198087248619
76561198022036694
1890589294340002"
76561198187858265
76561198272026777
76561198830774421
76561197970641498
76561198119989990
76561198110463537
76561198040220288
76561198433848753
76561198025840707
76561198080879810
1713089345438280"
76561198098491569
76561198006036035
76561198007595481
76561198397238250
1672902159463438"
76561198041328238
76561198304406777
76561198354171701
76561198056176770
76561197968951877
76561198082685389
1506565029447624"
76561198102946639
76561198446657688
76561201466689693
76561198091091315
76561197960561638
1745437272166595"
76561198028131557
76561198085491167
1662765820458403"
76561198283737548
76561198154673048
76561197991803654
76561198100209915
1982203205184687"
76561198080253989
76561198205022528
76561198047170382
1906340749416463"
1717180328336350"
76561198173444531
76561198182989406
76561198049366933
76561198017566502
76561197999923636
76561198258643500
1836530576396007"
76561198210305060
76561198054201024
76561198139191186
76561198304781885
76561198450872566
76561198173147973
76561198150192157
76561198188357446
76561201289770104
76561198839894446
76561197991696475
76561198298130207
1776393679089251"
76561198083216185
76561198099049485
76561198144046427
76561198144658497
76561198172768161
76561198157911217
76561198119824199
76561198743978431
76561198055652515
76561197978231466
76561197974162669
76561198254718154
76561198138023956
76561198364701081
1736701323112836"
76561198064631972
1996969187044459"
1890990480961893"
76561197970780322
76561198066669348
76561198020756753
76561198815285598
76561202059673319
76561198108204045
76561198059361633
76561198005301168
76561198072835770
76561198016626167
1793371284017790"
76561197989261436
76561198326292577
76561197967658291
76561198011416234
76561198117187718
76561197998977819
76561197975525899
76561199947973448
76561198021880691
76561198479014412
76561198054562090
76561197995154206
76561198081398952
76561198068442781
76561197987156510
76561198247187382
76561198812365848
76561198049416171
76561198293476521
1886715441359070"
76561197971988413
1626845424100095"
76561198119866170
76561198051948704
1787480971331639"
1518998544892308"
76561198172792078
76561198107911341
1715963631773548"
76561198061518136
76561198091443945
76561198097615559
76561198119580593
76561198027006264
76561198038219236
76561198065801908
1795707403823169"
76561198131228535
76561198163365358
76561198187227794
76561198838619379
76561197972845332
76561198147325759
2174612872579427"
1947405328605335"
76561198033836745
1755772411168868"
76561198171099899
76561198828216526
76561198028799897
76561198029749538
76561198009474378
76561198142802945
76561198077096715
76561198131316009
76561198187572245
76561198176910997
76561198199654570
76561199145090889
1758938384221353"
76561198009664282
76561198033926654
76561198067274978
76561198133731579
76561197960301063
76561198843344387
76561197992624404
76561197991955627
76561199034590897
2051117331596329"
76561197999305648
1798669406838464"
76561197994681677
76561198277829258
76561198107329178
76561198290439117
76561198061593117
76561198055389629
2174599502570931"
76561198339376393
76561198102133599
76561198154884392
1701423016593496"
76561198053567663
76561197992288694
76561197967898577
76561198031608532
1925327987499752"
76561198026592025
1769217349788922"
76561198357087780
76561198261404541
76561197989681301
1719691118148006"
76561198248669276
76561198133109961
76561198141157682
76561198148281326
76561198255601106
76561197968476942
76561198154282838
1716462795056126"
1702693759850157"
76561198080580446
76561198133144075
1952142801502899"
76561198201505411
76561198038991965
76561198139761083
76561198020971536
76561197975864672
76561198851811775
76561198005557822
76561198064764051
76561198173279202
2157932894234175"
76561198027315777
76561198090260033
76561198055473998
76561198147142297
76561198044485624
76561198136978051
76561198400523412
1803030923115049"
76561197966412154
76561198012516392
76561198011563987
76561198123436068
76561198138849386
76561197992903178
76561198088445016
741825392608183">
76561197971190141
76561198435823122
76561198317972685
1623854024349371"
76561198073067561
76561198041346396
76561198066982720
76561198034219568
1916238598418956"
76561198030463321
76561197990949927
76561198166124123
76561197985898787
2164928113548394"
76561200722766032
2112166662189145"
76561198018453359
76561198016872892
76561200114410906
2028984417114940"
76561198036248659
76561198125281813
1749352938511957"
76561198090018668
76561198253539400
1865957620108387"
76561198084409713
76561198120707955
76561198380161121
76561198102394892
1990817620938014"
76561198332504830
76561198120223579
76561198166313707
76561197966525542
76561198155195442
76561198188968570
76561198212937475
76561198364750640
76561197968232063
76561198082433634
1342625715840861"
1706061929461032"
76561198096384878
76561198044132314
76561198087653077
76561198067216178
76561198030534374
76561198077440572
76561198122595493
1421855914582283"
76561197996843510
76561198084123478
76561198841934417
1791523454259083"
76561198027875921
76561198107813555
2086260064782719"
76561198297777707
76561198166440038
76561198163243797
76561197988351591
76561198067067857
76561197970726100
76561198002995723
76561198165556239
76561198046464181
76561198034173489
76561198058863473
76561198101438553
76561198452205903
1810140059008965"
1885234398182121"
76561199073045755
76561198009289193
76561198037558297
76561198131894810
76561198257011803
76561198151916673
76561198047485926
76561198157795960
76561198815896014
76561198254515794
76561198278590154
2416791505013381"
76561197999391929
76561198058891349
76561198101803599
76561198414414526
76561198010166349
76561198106265555
76561198171040958
76561198027005923
76561198120327054
1754072234714267"
76561198104395621
76561198070473780
76561199339008069
76561199209030026
76561198400558236
76561198008257265
76561198374995185
76561198254699671
76561198007703614
76561198036198466
76561197981028520
1607884259330867"
76561198294664784
76561198067548081
76561198077586502
76561198019262782
76561198402913790
76561200713511554
76561198027047510
76561197962897291
76561198175051181
76561198034647806
2116386511722632"
76561198017475278
76561197972937955
76561198132067741
76561198068622407
76561198054814053
2157292954284841"
76561197980408389
76561198381400443
76561198294427326
1818522758269282"
76561198468713578
76561198035190751
76561198120143068
76561197972959097
76561198009431960
1758106294279746"
1364570706978523"
1412235782213588"
76561198153820241
76561198009442945
76561198120445747
76561198060840968
76561198258503060
76561198137412481
76561198044194328
76561197999998661
76561198006055371
76561198307765544
76561198345022403
76561198141359974
76561197971694800
76561198346465092
76561198039033307
76561198104160442
76561198085133814
76561197999170529
76561198125620487
76561198104967265
1545849435514429"
1942065799172983"
76561198041331864
76561197988482913
76561198124131728
76561198267819842
76561198073500048
76561198087860278
76561198190298957
76561197993405452
76561198116990773
76561198141676620
76561198042302105
76561198061328510
76561198068804719
76561198050652544
76561197996139049
76561198190331221
76561198050293645
76561197993500337
76561198113064273
76561198282657484
76561198438092319
1622955931155669"
76561198176417339
76561198060061318
76561198031386400
76561198441758509
1911749395558766"
1812860912123183"
1557995940978645"
2351531854874015"
76561198048776699
76561198027219489
76561198040837807
76561198274290599
1889119631118640"
76561198109191969
1644101209036454"
76561198313873855
76561198669357375
76561198028540693
76561197985305495
76561198070054592
76561198070221230
76561198048509552
76561198039459284
76561198294044118
76561198127477426
76561198122961625
1315004945269683"
76561198322705667
76561198113295820
76561198004824538
76561198119202579
76561198058243237
76561198138297727
76561198046612694
76561198118280159
76561198037846639
76561198126158571
76561198146153336
76561198405865167
76561197962377245
1824253954327933"
76561198373159194
76561198151302901
76561200157930372
76561198814552383
76561198063383508
76561198135246382
1766178783448139"
1974547305910463"
76561198006171350
76561198120721967
76561198043914934
76561197964253148
76561198097042313
76561198127029671
76561198018558875
76561198346085262
1868475519878097"
76561198088089974
1754156791358975"
76561198120279727
76561198321531378
76561197960412987
76561198136476759
977449312379542">
76561198070574192
76561198082013930
76561198026168218
76561198308290237
76561198148465873
76561198142139257
76561198017075216
978338048958229">
1975518115823036"
76561198116230248
76561198071012477
76561198323748838
1674232412684144"
1753448571406342"
76561198084246168
76561198137468566
1849411641810118"
76561198097524896
76561198333511132
76561198013538309
76561197972432270
76561198037112996
76561198098764522
76561198026117088
76561198126440144
76561197969871752
1754642307932876"
2047076348660113"
76561198449182868
76561198031602106
76561198088267277
76561198052813716
76561201523162004
76561198122626452
76561198000127404
76561198346443828
76561198216460259
76561198071401222
76561198135391712
76561198272388280
2260498197301194"
1758311580920319"
76561197980686216
76561198270939966
76561198061135216
76561197996459426
76561198183746495
76561198804470833
76561198073732029
76561198224732448
1690005414429952"
76561198178902339
76561198121459950
76561198007154478
76561197970722241
76561198088300618
76561198181991977
1927384637292029"
76561198364764460
1960098850730817"
76561198031380523
76561197972276300
76561198156100930
76561198071098204
76561198062744281
76561198272656906
76561198056155857
76561198092862016
76561198103535081
76561198359413495
76561198122977603
76561198073228146
76561198112616496
1373015329466604"
76561198093436707
76561198152361514
1830893636950136"
76561197961832667
76561198065473834
76561198073992827
2148306391865942"
2050702318297886"
76561198052587003
76561198035743993
76561198071627271
76561198045522476
76561198027551211
76561198278528836
76561198396091595
76561198072550566
76561198141971441
76561197977707483
76561197973376066
76561197990370734
76561198053524294
76561198125807621
76561198308216683
76561198145920537
76561198060902148
2312935838720686"
76561198276242917
76561197971293767
76561198103416587
76561198070778497
76561198111229458
76561198002740308
76561198052338791
1772287612809325"
76561198062547070
76561198257057053
76561199783236301
76561198062381431
76561198059756231
76561198416070470
76561198058333138
1693973023973761"
76561198029984091
76561197991850867
76561198065501417
76561198121125578
76561198014560000
76561198838210022
76561198399621231
2176193595727504"
76561197997626819
76561198064785195
76561198192040278
76561198351735624
76561198014560844
76561198315637028
76561198309947036
76561198065529981
76561198443397140
76561200416053509
76561198004029880
76561198034463418
76561198030380142
1647241065331573"
76561198142222097
1699552176790188"
76561198074422163
76561198056837573
76561198018375575
2070935576310981"
76561198096210205
2242137592493735"
76561198014928263
76561198162920476
1534943626632105"
76561197993663553
1751481671588074"
76561197964839524
76561201521700021
1944789455572997"
76561198353543007
76561198065699215
76561198045531227
76561198382073654
76561198146639212
76561198013458566
76561198056079165
76561198042109337
76561198160948472
76561197999905321
76561198006576240
76561198070972868
76561198121239898
76561198819166501
76561198103408071
1538244406285480"
1699142046829175"
76561198023188780
76561197967987990
76561198086090838
76561198064401658
76561197994109495
76561198010026889
76561198035115967
76561198110048955
76561198183133163
1847644171961468"
76561198048381282
76561198286862712
76561198768176479
1682670135134689"
76561198264902287
76561198046448191
76561198149115874
1596596117116297"
76561198378896681
76561198011565490
1815193271873470"
76561198059194950
76561198192425435
76561198176961737
76561201692890047
76561198011172579
76561198002532173
76561197992589925
76561198276191560
76561198047558088
76561198060133280
2160285437320107"
76561198119001638
76561198198719563
76561198814113050
1946476345420208"
76561197976412009
76561197974525236
76561198841214701
76561198796419271
1437075863064973"
1960180460681321"
76561199448771815
76561198011604402
76561198080278482
76561199473705711
1648867811891059"
76561197979144949
76561197970780969
76561198019728073
76561198047556895
1647751005333854"
76561198949950006
2155843704430975"
1987463224606200"
2111867765521459"
76561198353363964
76561197980551647
76561198804928840
2288167304556813"
76561198208886308
76561198028942204
76561198065747728
76561198063294091
76561198312361865
76561198228509920
76561198073191963
76561198034216370
76561198105546450
76561198055187311
1379905672110317"
76561198068139159
2270752766268540"
76561198031436498
76561198038041227
76561198375739771
76561198073617469
76561198044709099
76561198166705337
76561198114278631
76561197999645707
76561197967534138
76561198069983849
76561200344656650
76561198042115219
76561198271785626
76561198216692452
76561197965606757
76561198093473014
76561198104412368
1779872495406647"
76561197995197644
76561198701522703
76561202225593820
76561198059381746
76561197995743081
76561198068206728
76561198142606526
76561198023518063
76561198041231545
1970534626314885"
76561198091775205
76561198115427269
76561198237677720
76561198035245376
76561199246366590
76561198003795389
1888995551170693"
76561197981027693
76561198045662528
76561198203241322
76561198044735271
76561197969387555
76561198037961183
2047456761993153"
76561199352228860
76561197963429044
76561198004647882
76561198032049897
76561198850914862
76561198278494472
76561198019555549
76561197982509112
76561198055476187
1371466019620588"
76561198025121542
76561198118536761
76561200108314784
1724459361008223"
76561198196024758
76561198035595392
76561198000063827
76561198121580738
76561198127374737
76561198019031079
76561198154860667
76561198275992369
76561198250960216
76561198062926564
76561198307158908
76561198118688499
76561198008341903
76561198114240682
1306677906101537"
76561198071233728
76561198084913916
76561198177723053
76561198121042653
2040243142714079"
76561198032164332
1836363686425913"
76561202036698158
76561198244624110
740870066036822">
76561198038129952
76561198169272878
1664528843643874"
76561197962766761
2019558198068695"
76561200996116215
76561198152585934
76561200512412854
76561198127442515
76561197998657707
76561198030249257
76561198832656550
1673257866105173"
76561198174078951
76561198043834890
76561198024541448
76561198121010353
76561198109741092
76561198238893766
1752293544891844"
76561198034348506
76561198092425389
76561198045358946
76561200815628199
76561198043221342
76561198066566679
1666993020077037"
76561198013975150
76561198053144695
76561197964058386
1846959638717688"
76561198016253092
76561198077892862
76561198297854846
1750188375089376"
76561198071921080
76561198084531578
76561198343006101
76561198091428286
76561198042706300
1788226531226855"
76561198254010310
2154811047869401"
76561198059333592
76561198972814312
1752280571552350"
76561198081427789
76561198189048271
76561197989933165
76561198105313396
76561197988529885
76561198179146822
76561197963745769
76561198360328842
76561197994792330
1392084057558289"
76561197960294884
76561198076785645
76561197978014277
76561198036062443
2089661044407892"
76561198338800674
76561198218585905
76561197993984699
76561197995383445
76561198070898183
76561198825766809
76561198038658672
76561198082229577
1864102613654677"
76561198066474705
76561197994005229
76561198008516818
76561198009881830
76561198079374891
76561197978113103
76561198089044222
1839877009438539"
1680189378755212"
76561198066644333
76561198195536995
1527193544052679"
76561197977710279
76561199809359498
76561198096660352
76561198077163052
76561198127196858
76561198104870367
2358152960861473"
1671454982967968"
76561198354229759
76561198400756285
76561197988304200
76561198030574047
76561197968911616
76561201327200372
1831503610276026"
76561198034997578
2116489921700775"
2023430334343577"
76561198140192107
76561198032675728
1954690641222342"
1931349286938269"
76561198034295184
1669350159767238"
76561198063183264
76561200580342679
76561198263628590
76561198043864309
2053844217972820"
1713242702087480"
76561198047841251
76561198000613628
76561198158013046
76561198350722476
76561197994046785
76561198167834996
76561198079342678
76561198399269717
76561200016181651
1504224866367114"
76561198378933026
76561198102794711
76561198127884920
76561198018148408
76561199545472024
904161426375192">
76561197963317615
76561198374911014
76561198799438491
76561198059707512
76561198042454280
76561198062999548
76561198148400920
76561198004731314
1666990630046327"
76561198031831913
1873154379416450"
76561198010572819
76561198075271918
2111526065533039"
76561198258434947
76561198304619404
76561198090500066
76561198073312530
76561198060146765
76561198071463110
2053539118008242"
76561198048395363
1952902444780580"
76561198081137929
76561198007272431
76561198025254753
76561198068546755
76561198077411175
76561198215473585
1989062624479791"
2148217948551987"
76561197981649891
76561198000383144
76561198078795277
76561198121108885
76561198369644485
76561198062565094
76561198005615950
1622586954505886"
76561198376946140
2147776168569088"
76561198032449671
76561198235027860
76561197973138590
76561197987223132
76561198031023737
1885706078115629"
76561197967031671
2003734139697549"
76561198049865226
76561198018261481
76561198195128063
76561198807337192
2152082158165357"
76561198114470855
76561198155377359
2186892254661942"
2017730138299178"
76561198168264522
76561198207427275
76561198045137432
76561198151933582
1405251082908673"
76561198188603977
76561198016374594
76561198843051923
76561197994813735
76561198331155306
1959454360773919"
76561198046927784
76561197990428925
76561198097534845
76561198190422921
76561198364859936
76561198278746095
76561198815940813
76561198006329405
2538529936173161"
76561200910022080
76561201331536189
76561197965626249
76561198095011826
76561198176883453
76561198089498254
76561200455951647
76561198032624189
76561198055400045
1996838190347099"
76561198048412795
76561198003909143
76561198072216515
76561197968518121
76561198057096984
76561198324793699
76561198074042466
76561198027032064
76561198032040158
76561198094470563
76561198099459982
76561202229229311
76561198131659142
76561197972108556
76561198369933946
76561198170343059
76561198151157354
76561198045024486
76561198007745420
76561198124083361
76561198010852576
76561198032059883
76561198155507493
1942358875796714"
2159834600697918"
1884825364945662"
76561198029522287
1319487388154968"
1647525778696268"
1750139305046257"
1864640490269468"
76561197999733985
76561198347594993
76561198047898965
76561198017068223
76561198066153715
76561198133627661
76561198118736575
76561198137459157
76561198104601652
1640049919436248"
76561198042398773
1841717822533667"
76561198010896917
76561197969129482
76561198075543983
76561198081800245
76561198085547428
76561198122471675
76561198057698966
76561197997356488
76561198165286719
76561198072716575
1762644793774484"
76561198066328774
76561198055764967
76561198353187022
76561198105080680
76561198133715482
76561200181484871
76561197997776217
76561198063425862
76561198081859047
76561198372436799
76561198033853568
76561198142778820
76561198164439496
76561198284713518
1656388837760098"
1687426224712107"
76561198035818032
76561198057180936
76561199712465183
76561198375916342
76561198046943218
76561198842185159
1790526901026742"
76561198080434782
76561198052675258
76561198073322334
76561198348572996
76561197996352688
76561198107859280
76561198160453557
1504407453020505"
76561198018485789
76561198180813029
76561198317642452
76561198433008157
1695330803877465"
76561198000614764
76561198097702832
76561198006728917
76561198084062859
1854277874623192"
76561197999640168
76561198155089543
1684805574901427"
76561198038332525
76561198035901625
76561198128641861
76561198472431325
76561198018371186
76561197972012050
76561198329526700
76561198323903196
76561198006392491
76561197967457180
1517703208339143"
76561198047733374
1893319927397439"
76561198180055641
1843437649035109"
76561198127681739
76561198108524532
1894201967291359"
76561198137873630
76561198059474701
1781144981951927"
76561198199513494
76561198156288347
76561198091338449
1727972490625245"
76561198032087689
1980090085374468"
76561198069912704
76561198059993513
76561197987760333
76561198128753668
76561198150816402
76561198847599233
76561198804048302
76561198026054268
76561198000687516
76561198075766621
76561200044338005
1799568533452039"
76561198047778919
76561198069620377
76561198127654785
76561198002488576
76561198399576584
76561198051006639
76561198066505164
1629157580544681"
76561198000803496
76561198094840864
76561202033015473
76561198009870309
1673019362766921"
76561198007830107
76561198048904168
76561201191661395
76561198242119168
76561197992103238
76561198114500069
76561198031013985
76561198254090913
76561198322920790
76561198192251522
76561198265403353
76561198116893085
1892700774087276"
76561198180145346
76561198273120047
76561198079680739
1775628985827025"
76561198061332126
76561198013413820
76561198196697091
76561198052841329
76561198078441727
76561198839671046
76561198020265594
76561198329537612
76561197990319758
76561197987940983
76561198036041699
76561198039452704
76561202222317830
76561198193159951
76561198139557891
76561198201336583
76561198136137116
76561198025552771
76561198035791205
76561198296515332
76561198968494901
2049233205147982"
76561198014823919
76561198037607009
76561198043202174
76561198030566702
76561198153007251
76561198083179181
76561198134699655
76561198101841261
76561198798977006
76561198449039578
76561198084382179
76561198073675358
76561198816166012
2075117015895230"
76561198543307720
76561198044560057
76561198063787737
76561198112451510
76561198079243630
76561198174052958
76561198056666768
76561197992127896
76561198019016696
76561198121504516
1997311337008112"
76561197988050732
76561198022937296
76561198390713212
76561198134635938
2199788326712992"
76561197993592834
76561197960359396
76561198004432201
76561198144753402
76561198637813395
1718253258270612"
76561198042172108
76561198138356094
76561200788847131
76561198086453086
76561198110687522
1250754388361355"
76561198025240937
76561199543225077
76561198063807611
76561198050571238
76561198040335169
76561198032647806
2230747876940339"
76561198138882131
76561201356229376
76561198155884155
76561198014886437
76561198087775219
76561197981378889
76561198038509178
76561197966741191
76561198069612508
1743357315709891"
1902541013101448"
76561198025688418
76561198008791018
76561198026037429
1969290059811431"
76561197982934521
76561198018901159
76561198054532742
76561198063876117
76561198129303108
76561198013320346
1630068387090363"
76561199038627544
76561198011486301
1761380113900656"
76561198099742354
76561198045123991
76561198152294616
76561198006704936
76561198153498173
76561197997599903
76561198057767646
1681865685264041"
76561198103810949
76561198005653560
1539282456178144"
1527072787398032"
76561198105772847
76561198069175912
76561198361491222
76561198038546060
76561198218553803
1717570994992984"
76561198002235608
76561198106620314
76561198107821841
76561197963894816
76561198051268374
76561198086444239
76561198008721252
76561198179411951
76561197994998832
76561198000998088
76561198161041833
76561198169986227
2132247623471711"
2292424987441964"
76561198398954865
1909408752457098"
76561198161080491
1781445178557296"
2597953960218370"
76561198300705444
76561198230524820
76561197988317704
76561198138568369
76561198271294492
76561198142532308
76561198101915956
76561198071693501
76561198042821707
76561198008145394
76561198025214628
76561198033009789
1713219898723531"
76561198083688987
76561198056991757
76561198133950101
76561198052033659
76561198240505224
76561197988006877
76561198183552686
76561198238733580
76561198055225115
76561199911380874
76561198025808666
76561198816320055
76561198124727365
76561198127691973
76561197988360287
76561198082654952
76561198083055541
76561198431519601
76561198043803281
76561198412806202
76561198023245518
76561198032942501
76561198145130957
76561198308244440
76561198019673511
76561197992605113
76561198171275459
76561198291049585
76561198357732821
76561198034156160
76561198019212547
76561198048784817
2184288514920622"
76561198039879314
76561198054689632
1928992253791365"
76561198027374890
1929237157136597"
76561198379755928
76561198441343037
76561198052109269
1643925349036162"
76561197969965844
76561198043615314
76561200586631848
764819553642158">
76561198072240040
76561198023321039
76561198079457894
76561198095421366
76561198002732274
1848294625253852"
76561198079987040
76561198071632126
76561198130189571
76561198198112206
76561198808274210
76561198283225722
76561201097288539
76561198112377081
1555658174538794"
76561197979696924
76561198154480056
76561198014071622
76561198041652178
1733051573453939"
76561198123996656
76561197963573061
869430906514162">
1981157745229210"
76561197998438247
1769023753178652"
76561198136480096
76561198334798237
1834729566588554"
1865204886907438"
76561198018279941
76561198036364476
76561199044945607
76561198008436105
76561198282919389
1565766506879480"
76561198033687854
76561198048956260
76561198064086721
76561198069396035
1410792762353670"
76561198190359003
76561198255647095
76561198291801714
1690865737617673"
2694994123851447"
76561198184049298
76561201419201069
76561198057138588
76561198320385190
76561200989767503
76561198142991323
2238955782781129"
76561198703038149
76561198069537848
76561198277133139
76561197973069554
76561198353292288
76561197960546483
76561197964934552
76561197966747634
76561198085151600
76561199915600819
76561198034153822
76561198077852097
76561198092622438
76561202191599010
76561198079551095
76561198342118103
76561198081106527
76561198043248683
76561197986733641
76561198048401779
76561198112303657
76561197967501184
1785363971578333"
1748594518530844"
76561198090993494
76561198147655594
1805802612814377"
76561198077499345
76561198074791822
76561198180396255
76561198046787559
76561197988278283
76561198027703966
76561198077574173
76561198349475588
76561198027853209
76561198086759711
76561198145680082
76561198157509283
76561198027146550
76561198119547753
76561198130061263
76561198104186455
76561198000299465
76561198173786094
76561198046698212
76561198091025914
76561197977844532
76561198035438209
1632910006758093"
76561197972202972
76561200482535104
76561198046373890
76561198139173866
76561198144438856
76561198040346282
76561198048474532
1967114519975185"
76561198087299075
76561198343624614
76561198083195979
76561197964414257
76561198054977897
76561198024657926
76561198631574689
1740305689421868"
76561198271425636
76561198328012766
76561198218639501
76561198234546476
76561198079614825
76561198130434226
76561198139315199
1709766599107268"
1751024218276875"
76561198313048532
76561197998652023
76561198005007745
76561198420472236
76561198009280876
76561197971669123
76561198336900265
76561198058939101
76561201790369993
1588208197943345"
76561198016567229
76561197968654885
76561198375517825
1673453046106760"
76561198142595841
76561197993517887
76561201322915713
76561198350465543
76561197960501042
76561197979271836
76561197985714217
1716783211751035"
76561198040186793
76561198043855166
76561198048556732
76561198162194034
76561198324362055
1017522971706217"
76561198079869410
76561197988847777
76561198168332695
76561198127389857
76561198322387936
76561198072636611
76561198296264219
76561198138242127
76561197970385486
76561198804155638
76561197961665846
76561198114013303
1591618507633768"
76561198399633654
2065732593500102"
76561197996266339
76561198118655997
76561202095440818
1823637281034252"
1879829978746062"
76561198328773171
1667701496678350"
76561198190235742
76561198839432164
76561198122365755
76561198058299889
76561198014088030
76561198154083648
76561199269055750
76561198015437016
76561197984994473
76561198086983641
76561198297416024
76561198149004964
76561198029916712
76561198036896316
76561198079789299
76561198130631136
76561198073264745
1700857953338821"
76561198043898261
76561198014406688
76561198091960705
76561198162394378
76561198805649644
76561198023650613
76561200838139360
76561198119507823
1710884142291019"
76561198079831859
76561197970286799
2089706737768249"
76561198005164812
2316299031744787"
76561198009864690
76561197998602645
76561197999541427
76561198085469436
76561198188290555
76561198160939363
76561197971593092
76561198083344557
76561198002186213
2312345302115597"
76561200615647950
76561198044005906
76561198078738989
76561198287801977
76561198849808261
76561198184889065
76561197999718133
76561198043906560
76561198839327554
76561198069661227
76561197973492211
1676281155820696"
76561198058759356
76561198033523066
76561198064421006
76561198119812193
76561198015229568
76561198168986070
76561198144101228
76561198045850951
76561198101763119
76561198825334986
76561197995285629
76561198066984446
76561198003972464
76561198042890336
76561201054694574
76561198804809456
76561197997682707
76561198103341257
76561198838528839
76561198043476829
76561198360082582
76561198051959097