76561198160403069
76561198321846753
2152131238137962"
76561198354404177
1739804992764400"
76561198438415859
76561198090662087
76561198309494151
1692068917549134"
1849422298442114"
76561198048295767
76561198161862010
76561198279930310
76561198086869873
76561198072623184
76561197960346869
1540152186095629"
76561198331883893
76561198142915437
76561197970655039
76561198354073439
76561198170348058
1638478769522555"
76561198032587617
76561198120872466
76561197971315104
76561198190809593
76561197987014801
76561198070626874
76561198448274432
76561198388465296
76561198094048299
76561198059567361
76561197987892800
76561198143957074
76561198154619616
76561198238082474
76561198406197520
1926901850653406"
76561197966525596
76561198274892809
76561199036892398
76561198328737013
1962354087108366"
76561198102234297
1741461105890707"
76561197982541199
76561198050859277
76561198032208793
76561198040679082
1486810541424180"
76561198059303910
76561198283820363
1698778230171959"
76561198097505119
76561198104469405
76561198091125226
76561198187135098
76561201519185670
76561198175701163
76561198029948168
76561198397814224
76561198099536103
76561198052669305
76561198054038810
76561198053108988
2006123336095690"
76561198103646565
1552130074909018"
76561198087703720
2065153353558730"
1760573887356654"
76561198837189472
1624655277633541"
1625973067519118"
1821933444567928"
76561198146817974
76561198106296424
76561197970662385
76561198117296429
76561198218830632
76561198091937173
76561198141111790
1224219304348049"
76561198312148721
1997371120324644"
76561198048357792
76561198202928399
76561198019765855
76561198348899809
76561198207042729
76561198135385291
76561198103652833
76561198271894161
76561198109747175
76561198394295492
76561198834928868
76561198281117573
76561198027929010
76561198071338417
76561197982312414
76561198129598647
76561198348812666
771098639680885">
76561198084698501
76561198065404990
76561198065360792
76561198083928130
76561198036166230
76561197985929743
76561198230884552
76561198121235243
76561201118194024
1522898607837690"
76561198190162550
76561198061876520
76561198177292545
76561197964717591
76561198286294605
76561198052251871
2005533189479943"
2084237831618257"
76561198013492990
76561198001430292
76561198082690335
76561198019031944
76561198025276374
76561198150101707
2130109590350212"
76561198191576345
76561198140546671
2098815950159859"
76561198146226911
76561198055636031
76561198090389098
1954746974566554"
76561197989020923
76561198054017980
76561198176063201
76561197971724284
76561198083716013
76561198080682747
76561197977611612
76561198027812914
76561198302850107
76561198000203901
76561198063223291
76561198104347415
76561198331041382
76561198022870269
76561198023084707
76561198158231057
1735187549884334"
76561198279364670
76561197971461979
76561198020155656
76561197960348407
76561198167596996
76561198095148692
76561197998794957
76561198066040481
76561198212322516
76561197960281452
76561198119189641
1699603543441291"
76561198055003096
76561198817276532
76561198358823645
76561198822078312
76561198031073179
1908980679120844"
76561198007550725
76561198050040597
76561198298119576
76561198228724608
76561197970967547
76561198049737929
76561198097344146
76561198143911641
76561198023104720
76561198086985264
76561198018241843
76561198217256924
76561198094032976
76561198062346718
76561197969732940
76561198034627841
1768683366503034"
1818234594901222"
76561197967761344
1757108517743055"
76561198076023100
76561197964690345
76561198040978907
76561198082499422
76561197967387972
76561200012374503
76561198060959737
76561198260526749
76561198143616325
76561197969076889
76561198843371631
76561198112536233
76561198025014147
2134778239873452"
76561198066639676
1610938592356097"
76561197961844536
76561198090125370
76561198020804147
1662139490574379"
76561201329751172
76561198332610989
76561198096326297
76561198067310758
76561198423681827
1631812553603474"
76561198026963069
76561198116730911
76561198169607305
76561198109847392
76561198115796389
76561197970248795
76561198006127995
76561198799273183
76561198027753455
76561198413090635
1662696927139908"
76561198086626056
76561198086528657
76561198138227877
76561198075990334
76561198068176123
76561198181944547
76561198001411890
1973782376017718"
76561198191038398
76561197990986917
76561198129460759
76561198014369135
1707097096047747"
76561198219348449
1681081178606413"
76561198824587803
76561198051286637
76561198277886733
76561198079897946
76561198024992633
76561198051672446
76561198120594697
2240840249274637"
1736774193083106"
76561198000590058
76561197972574527
76561198071749642
76561198192007063
2260187884021807"
76561198136083009
76561198081585573
76561198129734337
76561198094713576
76561198006709570
76561197968174160
2197013223658432"
76561198038894176
76561197990471200
76561198946414421
76561198095924206
76561198044580614
76561198048056721
76561197961425160
76561198197757561
76561198151073981
76561197968376745
1807081976049452"
76561197979936293
