76561198011951228
76561198050001130
2235360266482076"
76561199178805133
1643071532479526"
76561198045554683
76561198287590159
2012799732127224"
76561198044996738
76561198027819647
76561198065137335
76561198050038653
76561198101915945
1702607956499311"
76561198123548672
76561198129424820
76561198210817903
1908771252547541"
76561198375700176
76561198118905147
1938791089528909"
76561198093816865
1959511737453081"
876973449093909">
76561198081259641
76561198111628791
1848444545216971"
76561198147030551
76561198074560023
76561198150775588
76561198178110193
76561198182363847
76561198058191773
76561198008286281
76561198118339252
76561198109793867
76561198095028797
1590302371080914"
76561198019300090
76561198798951642
76561198392135735
76561198024132816
76561198047439506
76561198309644433
76561198188100871
1924370457609726"
76561198393950944
76561201856515856
76561197972190770
76561198045437015
76561198287548168
76561198116556062
76561198080282929
76561198121769752
76561198324110902
1714293181993144"
1636886759721766"
76561198799682285
76561198799288976
76561198002124213
76561198121757037
76561198025060165
76561198185024253
76561198056064827
2234382039913074"
76561198006349771
76561198322477900
1919801488094768"
76561198065316343
76561198268603963
76561198023714707
76561198090037830
76561198041241483
76561198046558311
76561201553954137
76561198058991354
76561198062152340
76561198420020667
76561198014977478
1933651616659748"
76561197970978905
76561198127199097
1710522575695513"
76561198122364174
76561198128718240
76561198048796040
76561198136628660
76561198000329627
1908125389218844"
76561197961246258
76561197969431559
76561198337223825
76561198014441045
76561198100057559
76561198095645070
76561198038598568
76561198114365846
76561198005552160
76561198420515035
76561200788498147
76561198125090652
76561198119823972
76561198129088616
76561198267477256
76561198019391646
76561198099530840
76561198011179884
76561198087130433
76561198152875336
1849535931764130"
76561201765255407
2160991817305365"
1750450371699575"
1760186127401342"
76561198378332767
76561197988127509
76561198149370115
76561198043149160
2005728902802389"
76561198065932662
76561198063925392
1671459506308495"
76561198169931138
76561198050347029
76561198056441371
76561198026968015
76561198097751471
76561198821466606
76561198098284907
76561198100327759
76561197966092764
76561198084071447
76561198069545113
76561198047030836
76561198131181350
76561198154914848
76561198053755763
76561198024959804
1765051870200262"
76561198192988949
2207797649233572"
76561198100200331
76561198118817720
76561198058307395
76561198411595689
76561198225951968
76561198063254793
1697656390312642"
76561198095816294
76561198181194647
1708082229228529"
76561199184830782
76561197992640411
76561198114886714
76561198329563624
76561198015103960
76561198039114905
76561198042296523
76561198024942655
76561198124308855
76561198036293107
76561198099340644
76561198067864206
76561198321024581
76561198151173370
76561198091493393
76561198082338545
76561198004197064
76561198129746781
76561197982789422
76561198040960312
1996161337122147"
2011482212220007"
76561198374530001
76561198414637096
76561197995866996
76561198076311813
76561198370693286
76561197999880860
76561198807125593
76561198041943760
76561198044993088
2013541128696615"
76561198153564234
76561197967227697
76561198114780058
76561198075720598
76561197993755054
76561198038717786
76561198058679325
76561198070039854
76561198019881854
76561198206579609
76561198023634892
76561198353365019
76561197979507053
76561198405112053
76561197999231410
76561198008598716
76561198090881255
76561201352289175
76561198070642899
76561198067321626
76561197987107990
76561198042258858
76561198071344874
76561198130572943
76561198119589789
76561197980311619
76561198067271594
76561198070309688
76561200209895504
76561197984735843
76561197968726378
76561197978133743
76561198038274898
76561198147827986
76561198003651569
76561198003775742
76561198020258242
2034917066537454"
76561198094829317
76561198073525243
76561198047204021
76561198365811958
76561197991444409
76561198044178589
76561198136198974
76561198305307554
76561198116305568
76561198423765375
76561198069114439
76561198101541205
76561198074717770
1741065849290916"
76561198065234631
76561198000384482
1512077088919385"
76561201588080849
76561198260009799
76561198037725799
2190814254267425"
1678021608941080"
1760032940685897"
76561198392074618
76561198167883903
76561198044609099
76561198048826150
76561198031567020
76561198219604787
76561198261048332
76561201785489064
76561197960277625
76561198074557925
76561198837323342
76561199586289007
1662023420560361"
76561198451267139
76561198148218175
76561198072761303
76561197970399865
76561198023368389
76561198057254363
76561198161618110
76561198030832594
76561198016120854
76561198080512765
76561198109523697
76561198197581259
76561198332721417
76561198041574604
2036758576366286"
76561198141492719
76561198815044907
1690253221071870"
76561198003180522
76561198012070178
76561198241797768
76561198074781469
76561198358401858
76561198193029882
2023501684357292"
76561198084185669
76561197999778368
76561198056550895
76561198389024120
76561198060540921
76561198126575126
2286722724690481"
76561198048610283
76561198014550578
76561197992806007
76561200817177307
76561198120496163
76561198132639010
76561198390363426
1291774310926039"
76561198092411439
76561200147670875
76561198035681066
76561198434951140
76561198001162208
76561198118815474
76561198049975193
1997941923551330"
76561198842824484
76561197984770124
76561198426165010
76561198116823322
76561198118810428
76561198434679264
76561198060294311
76561198837886789
76561198107475933
76561197992907844
1865286323587245"
76561198143989271
76561198452967028
76561198027976424
76561198161413548
76561197982806976
76561198062200044
76561197983493691
76561198814862165
76561197997814156
76561198053644781
76561198147886279
76561200148171743
76561198023502766
76561201729264165
2020101931396823"
76561198078974662
1828543433891080"
76561198177716038
76561198056287773
76561198070505455
76561198031068337
76561198191375690
76561198280382416
76561198066460348
76561198018239356
76561198085912024
76561198214568500
76561197970614055
1929861217026162"
76561201190214668
76561198065274693
1702309983137937"
76561198191550525
2044905702248960"
76561198097013178
76561198016428152
1655877444526076"
76561198360122020
76561198025713106
76561198064681695
76561198067665253
76561198055783136
76561198027583641
76561198204028309
76561198052645337
76561197973687809
76561200611453577
1815871951805567"
76561198191369333
1744486112271927"
2111448102259400"
76561198060945013
76561198161329112
76561198008003059
76561198363676677
76561198039989545
76561198052279486
1785085908242448"
76561198201463158
2258779477467277"
2191052730934848"
76561198189891730
76561199880092372
76561197960562283
2305040566187828"
1820684911322125"
76561198080110222
76561198172316611
76561198061208108
76561198143036149
76561198023027825
76561198072887807
76561198170191215
76561198048736661
2028615517150272"
1713302662099525"
1899392740117378"
76561198090219165
76561198052560640
76561198033482143
76561198013837802
76561199215641105
76561198282919027
76561198051164940
1928808870527804"
76561198053326543
1578434495588524"
76561198013900115
76561198036527660
76561197971862586
76561198839497482
76561198819431769
76561198080985705
76561198091875604
1653508618078015"
76561198044006872
76561198088476705
76561197996694869
76561198357801169
76561198041545163
76561198119477971
76561198416325867
76561198081321348
76561198068884867
76561198263290554
1555011774627281"
76561198063246481
76561198002572210
76561198272476856
1784753761631874"
76561198040886134
76561197970508705
1577049282404153"
76561198031117365
76561198100670974
76561198221425932
76561198069552091
76561201860701680
76561198159470560
76561198085235708
76561198042924325
76561198341180787
76561198146724204
76561198116113974
76561197993993513
76561197961438701
1756705567754738"
1691257980959822"
76561198011397820
76561198077686799
76561202057627805
76561198142397328
76561198072083712
76561198316973759
76561201393734149
76561197966417332
76561198039378390
76561197981006047
1807506782702550"
76561198031552070
1522862197823741"
76561198104366722
76561198042497386
76561198056014972
76561198091484260
76561198071137490
1388770161224599"
76561197960837299
76561198043920837
76561198078059207
76561198322471721
76561201831453944
76561198120482358
76561198015838468
76561198011353170
2321401291218294"
76561198061494936
76561198158475903
76561198006401189
76561198389410080
76561198162443348
76561198057624656
76561198172898099
76561197999409007
76561198095710463
76561197978289281
76561198024367814
76561198087493630
76561198069751348
1750944508327287"
76561198045394905
76561198059711076
76561198051794089
76561198052402832
76561198002190498
76561198068190858
76561197970988698
76561198185681028
76561198050401757
76561198071729673
1860609017304741"
76561197979802811
1629615367160030"
2182061731834670"
76561198303641613
76561198150311608
76561198052052809
76561198103748112
1777706332289993"
76561198029853869
76561198042087994
1696670260393485"
76561198071060094
76561198050066036
1735262539901716"
76561198093421919
76561198041123066
1557101407731932"
76561197961271343
76561198235140008
76561198158811420
1533487873418407"
1739653836096480"
1506934722750262"
1788427537880422"
76561198129324615
76561198796471463
2217824671579579"
76561198062014846
76561198057287055
76561198133790577
76561198230821316
1948325995180592"
76561197991863265
76561198048863745
76561198024990847
76561198089049061
76561198031573754
76561198114090322
76561198025343240
76561198081377340
1857063854314927"
76561200981365013
76561198327740373
76561198120762597
76561197992952400
1786196544774742"
76561197981309354
76561198799386450
76561198163342305
2096237633723871"
76561198041942922
76561198022764091
76561198022654483
1728761923836516"
76561197992330535
76561198095915812
1579726228819738"
1599371286845532"
76561198011395823
76561198057137647
1785996098188596"
76561198401771608
76561198040075839
76561198041241000
76561198030459515
76561198042441778
1663214020398446"
76561198045938288
76561198093529256
76561198086313644
76561197998923696
76561198052156643
76561198096843032
1976390795734197"
76561198012508149
76561197984965409
76561197970995285
76561198077975114
76561198157811227
76561198066778828
76561198192699494
1660795290708782"
76561198099345547
76561198009053114
76561197963796816
76561198273470901
76561198035889986
76561201762729954
76561198122221537
76561198134561185
76561198054604395
76561198081548547
76561197981110122
76561197972351301
76561198028557099
76561198006300545
76561198001863888
1754035058017234"
76561198035602576
76561198041996387
1665445266836942"
76561198062869069
76561198079847238
76561198043581554
76561197996161867
76561198136090790
76561200949882223
76561197999879944
76561198056412641
76561198130449657
76561201126877393
76561198191541841
1987352394622980"
76561198130570205
76561198082784439
76561197988947529
76561198114581118
76561198039939096
1694630727289890"
76561197996067422
76561198036545955
76561198042194012
76561197989451581
76561198150317578
76561198149791799
76561198092728627
76561198272040070
76561197973079441
76561198197836921
1976929422377544"
76561198141072484
76561198130246737
76561198025016312
2211527312197513"
76561199385450740
76561197999313716
76561198075048686
76561198129807265
76561197980062688
76561198063354550
76561198077328385
76561198103629383
1758667704249437"
1621371014627741"
76561198118436506
76561198056257046
76561198061906904
76561198065411165
76561198090959198
76561198079862628
76561198056805223
76561198197280691
76561198063078686
76561198119629473
76561198415068040
76561198136595041
76561198045832024
76561198190571823
76561197995933826
76561197979746421
1809682195774401"
76561197997824730
76561198004241667
76561198413802571
76561198139289005
76561198176309089
2164439260238890"
76561200781250612
76561198045022711
76561198127641832
76561197997567609
76561198097450754
76561197999714674
1707351346009295"
76561197962750473
1874818955914800"
1781160141962882"
76561198016896797
2051235494918831"
76561198060776508
2218822611476130"
76561198064149321
76561197983104963
1720789071369092"
76561197974524488
76561198151740257
76561198029643583
76561198155862291
76561198075249042
76561198039669504
1650638255044169"
76561198059255448
76561198123734464
76561198056875067
76561197963574614
76561198111313592
76561198165040761
76561198122405336
76561198056145735
76561198154065275
76561198118432786
76561198121691470
1767585179955009"
76561197968898306
76561198127460729
1665931816793307"
76561198019884895
76561197973537624
76561198147186934
76561198051026285
76561198097044770
1583354435102332"
76561198017145207
76561198042061875
1717907574923112"
1708718829220111"
76561198411618070
76561198124995612
76561197969255825
76561198360449392
76561198358469476
76561198024222445
1634977666580222"
76561198105030494
76561197970901657
76561198346669917
76561198016429964
76561198148675428
76561198026703372
76561198062448352
76561197965389303
76561198035241112
76561198144130773
76561198003962156
76561197962115555
76561198086105014
76561197992610711
76561198003863640
76561198043580501
76561198121582032
76561198028617087
76561198109198812
76561198539631715
1845992588785762"
76561197963772522
2052859671451276"
1801482609917868"
76561197967914025
1771248756268619"
76561198161345029
76561198271912722
1809792955724506"
76561197978647338
76561198129180907
76561198056633583
76561201752898804
76561198086719430
76561198000210749
76561197978099152
76561198000190029
76561197992071902
1247689212000966"
76561198057402265
76561198019866703
76561198068950299
1830314393673906"
76561197985991423
76561197961664852
76561198328679507
1533127376792888"
76561198102808392
76561197978138789
76561198037586413
76561197993484709
76561198094619751
1963258117068962"
76561198146365866
76561198260521736
1540464956079639"
76561197978896877
76561198339314931
1892274897462040"
76561198034249363
76561198047928006
76561198010639297
