76561198280918413
76561198795797495
1806439676113039"
76561198362756521
76561198050101200
1791310384292285"
76561197983934308
1884164091635286"
76561198373311943
1912048008866110"
76561198253588118
76561198836463637
76561198080796528
76561198125361958
1600068800110094"
76561198069356844
76561198106632555
76561198411833351
76561198069359665
76561198170400255
1673142889432740"
76561198234132024
76561198162506467
76561198116529411
76561200385704878
76561198161351072
76561198215269529
76561197969337327
76561198271480963
76561198004434828
76561198097874762
76561198044811264
76561198346202782
2043303352369282"
76561198088950094
76561198064008470
76561198150117037
76561198049107167
76561202056934573
76561198108536434
1656127767756995"
2166842226691212"
76561197986479290
76561198847900775
1859986084063004"
76561198098883904
76561198025713771
76561197960265728
76561198135301985
76561198070095791
76561198158579735
76561198074226963
76561198050498011
76561198042638876
76561199351665012
1517278105048766"
76561198381416668
76561198058828784
76561198232395832
76561198108032931
1645229155596877"
76561198311869025
76561198799346101
76561198334053631
76561198110516363
76561198201938436
2052288724805303"
76561197993518840
1711084382312034"
76561198144006735
2094363533924968"
76561198027072400
2088594411175222"
76561198298755360
76561198156397560
76561198055247401
76561198015458515
76561198800789303
76561197980681444
76561198017434661
76561198373305841
76561198145117982
76561198143322050
76561198077853575
76561197982607538
76561197960832542
76561198142721058
76561198049394193
76561198062238027
76561198109329975
76561198043873414
2018782888197210"
76561198009638961
76561198193277687
76561198307043401
1996929073692744"
76561198034781085
76561198273544419
76561198054713039
76561198090059068
1829969017063581"
76561198038668708
76561198080416074
76561197996951164
76561198031587481
76561198049477474
76561198051572300
76561198197575558
76561198170463651
1789034987831121"
76561198015011847
76561198146745912
76561198023050858
76561200680385475
76561198165894982
76561198107256719
76561198013154477
76561198025821105
76561198271961313
76561198065933740
76561198049558814
76561198163645958
76561198044386310
76561198307896060
76561197964441270
76561198314732667
1676943455746033"
76561200487478093
76561198255250492
1500813940028608"
76561198027581267
76561197972109832
76561198190979857
76561198113766310
76561198096913790
76561198013347157
76561198080259458
76561198333125204
76561198452856322
76561198115733299
76561198042046618
76561198001100512
76561198336057740
76561198127943704
76561198122232375
1734497753303445"
1874942149231070"
1825820867479304"
76561198032584613
76561198084289304
76561198052332996
76561198182229239
76561198065387359
1650984578270955"
76561198204433891
76561198150647073
2007017326039045"
1814353898661169"
76561198814265830
76561198142334713
76561198098632297
76561198132516896
76561198256847048
76561201457995035
76561198144433877
76561198185136538
76561198026509151
76561198072265304
76561198059056169
76561198306142096
76561197970383548
76561198254034858
76561197987534603
76561198153334530
1515864745206341"
1498000120304141"
76561200880833803
2295641503787173"
76561198816618516
76561198080087028
76561197996010140
76561198151613272
76561198062500030
76561198016997356
76561198254105526
76561198050801123
76561198117348228
76561197990678459
76561198841945243
76561201735060829
1859053090792862"
1960609583958676"
76561197994029862
1776931852354606"
2085892954786256"
76561197997721452
76561198018864836
76561198051814517
76561198031218643
76561198023305656
76561197981736536
76561198061909259
76561198050387337
1694313020665351"
76561198376923918
76561198126858892
76561198156158774
76561197992992824
1472154062890127"
1998687300216153"
76561198309936979
76561198048190142
76561198086884472
76561198125045525
76561198054803516
76561198315095190
2275813195769900"
76561198917243824
76561198341439450
76561197979977903
76561198072254491
76561198010137696
76561198054892250
76561197975427208
76561198027920973
76561197970049583
76561198338698710
76561198028751208
76561198087330626
76561198355775237
76561198433787318
76561199753033231
76561197971674373
1537776069665098"
76561198040830383
76561198046443553
2089332547745957"
76561198116814495
76561198116642126
1698416463541662"
76561198078396337
1965820196826741"
76561198042577002
2283160101713584"
76561197987674558
76561198307971502
1614098678700273"
76561198176529240
76561198418599446
76561198134450115
76561198030630022
76561198335813912
76561198070063176
76561198071141591
76561199417326275
76561197970224579
1596060290507834"
1569960413109065"
76561198281692118
76561198039973578
1498126233626894"
76561198011030232
1823214524411012"
76561198060918195
1845789192110331"
76561198301751165
1714486571921475"
76561197968786799
76561198377338651
76561197990287345
76561198347585776
1712558992173720"
76561198081783241
1024930694298312"
76561198069833327
76561198028735835
76561198039316543
76561197994335179
76561198084767455
76561200244631749
76561198042601553
76561197995260168
76561198839032402
76561198204274027
76561198100544071
76561197976914174
76561197967775022
1704801452968972"
1710834362285486"
76561198119599233
76561198040602617
2019103014829967"
76561198414705977
76561198379937664
1965983023480362"
2218014641601831"
76561198320593174
76561201288818435
76561198025582174
76561198103595733
1698696240184265"
76561198832377109
1425138844259058"
76561198129930380
1695717210543558"
76561198211884703
76561198068465159
76561197980262928
76561198048282503
76561198067558767
1663904753716661"
76561198364984488
76561198092209824
76561198244240170
76561198170321978
76561198174177487
76561198029174474
76561198154507365
76561198013748949
76561198080602749
2184543324901342"
76561198045227846
1613201688799386"
76561198039921079
2503622769663603"
76561198030991918
76561198116090692
76561198062684041
76561198195888890
76561198149224689
76561198341723023
76561198813840120
76561198032715073
76561198027712460
76561197968574088
76561198074235124
76561198067991470
76561198068632802
76561197998390987
76561197989275184
76561198049244828
76561198235953422
76561198452084326
76561198006606058
1674145789360115"
76561198155611308
76561198395056509
76561198102245997
1879413885456926"
76561199814964028
76561198188885421
1940536012647356"
1724195744283119"
76561198006071015
1664173073708982"
76561198157101013
76561198143081409
76561198444240682
1703727763076627"
76561198383419388
76561198814026218
76561198084349555
76561198129261300
76561197999329109
76561198088896894
76561198009396382
76561198123669995
76561197966146543
76561198147000706
76561198130597438
1806075816128165"
76561197995393272
76561199672534867
76561198068046328
76561198055153952
76561198807126433
76561198064635462
76561198841573491
76561198194578989
1664906833616797"
76561198051746318
76561198062904759
2240240072718152"
76561198195754955
76561197987074094
76561198200243674
76561197983214195
76561198261612714
76561197994470429
76561198307278516
76561198037040039
76561198014219593
76561198025253583
76561198393992351
76561198169614873
76561198084554594
76561198276222900
76561198038182010
1541807209278398"
1594435800676529"
76561198074282193
76561198299406216
76561198369211225
76561198007884824
76561198006985112
76561197960448962
76561198371416109
76561198033499478
76561197993554638
76561197978528934
76561197971439024
76561198036215705
1787190381338147"
76561198079768178
76561198115597508
76561198062204713
76561198168511079
76561198016488195
76561198129589930
76561198150970300
76561198799285268
1654418244666113"
76561198302239861
76561197988819036
76561198138531125
76561198075193402
76561198040386445
76561198044582362
76561198161021873
76561198382874584
76561199039586450
76561198058101004
76561198368381584
76561198842438133
76561198256700434
76561198420980089
76561199620156202
76561198099840900
76561198813431138
76561198159917973
76561198017787408
76561198262109496
76561198196288041
76561198840210151
76561198084787267
1811371145568326"
76561197987518154
76561198077335389
76561198077128221
76561198044099662
76561197977379285
76561198028096525
76561197993765434
76561198025419330
76561197995602970
1937307579674002"
76561198444819406
76561197962309254
76561198035565779
76561198315388251
76561198008877407
76561198005060107
1971392956213165"
76561198118837150
76561197986147833
1965143126894076"
76561198163280701
76561198273905827
1553625414741736"
1780123642081585"
76561198107342688
76561198062632617
76561198075108875
76561198324737423
76561198041102932
76561198433778852
76561200846746186
76561198317888872
2097656496925106"
76561198144572599
76561198348778064
76561198324395307
76561198075126911
76561198072708390
1996145280457891"
76561198133900648
76561198102464861
76561198141566348
76561198006596505
76561198084651309
76561197961154918
1912521502111660"
76561198082920578
76561198206853608
76561201618230498
76561198113961716
76561198041726676
1698901860232591"
76561198395603157
76561198198044978
76561198104452169
76561198178054407
76561198149326838
76561198139955312
76561197970806698
76561198350458707
1095482117243043"
76561198068912429
76561198042032245
2320192574673852"
76561198066328033
76561198023312889
76561198063499842
76561198129227326
76561198053634357
76561198006485233
76561197999872954
1802163956488750"
76561198057359278
76561197961570594
76561198000042335
76561198064030744
76561197979420723
76561197979042739
76561201925757075
76561198796563380
76561198007005434
988471217944589">
76561198031517316
76561198151754804
76561198008352797
1552317171543408"
1582581561871686"
76561198200833422
76561198118535746
76561198059870994
76561198113624251
76561198022459893
1691955054246119"
76561198019719021
76561198194863967
76561197995015419
1541543465954662"
76561197965712894
76561198074243641
76561198076497602
76561198020358194
76561198032084683
2142201369130289"
1719884888126760"
76561197989777157
2007156705985591"
2315875135151658"
2138893312819145"
2149149165126490"
76561198309144050
76561198164560009
76561198042470440
1935771839776509"
76561198010201881
76561200251098393
76561198383569263
76561198082916547
76561197976434035
76561198835253634
76561198037486081
76561198161866266
76561198034069260
76561198434108609
76561198080583325
76561198124283647
1658733800908982"
1827184317319140"
76561197973727230
76561198284220248
76561198238057450
76561198136618739
76561198170243922
76561198065945680
76561197970682443
76561197968114974
76561198826207073
76561198031945280
1816731068440589"
76561198083486434
1909728445712446"
76561198063042934
76561198297301579
76561198019820484
76561200977711979
76561198845231922
76561198076112585
76561198153590226
76561198355135713
76561198080098668
76561198109013507
76561198055392917
76561198125847130
76561201285358514
2272346209474768"
895939367197306">
1523616744432580"
76561198096774314
1677488048955189"
76561198004364358
76561200243070300
1689820994417537"
76561198057553634
76561198162229149
76561198014285064
76561197982152702
76561198030776186
76561198330981841
2351087201571492"
76561197971857784
76561198446229853
76561197992710091
1682616988459259"
76561198002570802
76561198046624754
1814435075307924"
2542783172414086"
76561198019176385
1745026098926953"
1989098021161654"
76561198072068322
76561198137278027
1688973107854078"
76561198057084248
76561198051199975
1806686819381160"
76561198321388154
76561198191706561
76561198105233232
76561198152442206
76561198348480738
2153977984617895"
2080601521969847"
76561198813813073
76561198040770354
76561200795365271
76561198824356474
76561198001723729
76561198010740372
76561198085371899
1848882788504300"
76561198392919549
1596930487082055"
76561198567094448
76561198100855079
76561197994104871
76561198059210761
1910558699008586"
76561198087292945
1842724565774113"
76561198050903104
76561198024384555
