76561198010639297
1912920675396537"
76561198031652854
76561198019201156
2145544475486350"
76561198023526153
76561198081786285
76561198088600465
76561198002298423
76561198066189162
76561198161114706
76561198000059578
1766145683477168"
76561198103654291
76561198042073837
76561198144032142
76561198261883575
1849109041812234"
76561198297005900
76561198061700841
76561198030898644
1651384851646178"
76561198149800790
2065789283454513"
76561197993980137
76561198095828673
76561198021764489
1834193946670365"
76561197999594144
76561198069611844
1609840792466615"
76561198246955828
2033776006647042"
76561198030521518
1716643975084485"
76561198053712898
76561198110605596
76561198035036629
76561198078678472
76561198080058310
76561201662665469
76561201288550391
1423441721093497"
76561198108926232
1948946428458361"
76561198136622752
76561198185840738
76561198430613079
76561198025099752
76561198043272997
76561197998159057
76561198185392087
76561198045762473
76561198026631525
76561197971404558
76561198129808665
76561198018392529
76561198308229936
76561198050381073
76561198028586571
76561197991501268
76561201764879188
76561198070521296
76561198062932003
76561198043772138
76561198057673703
1650381298410212"
76561198052260029
76561198301440868
76561198004260230
76561198068196026
76561198071587838
1219299838172464"
1716480558407636"
76561201115598800
1420974214673597"
76561198050813912
1746582855407416"
76561198101493639
76561198015453294
76561197996828675
76561198045783960
76561201485626492
1744054722342891"
76561198000920220
76561198044888124
76561197995621993
1960375670647514"
76561197981857922
76561198004888617
76561198025181573
1945767335494492"
76561197992697436
76561198366895110
76561198025616569
76561198359852048
2259604074054677"
1942451315875933"
76561198087450130
76561198106736037
76561198040632740
76561198020925688
76561197989361261
76561197970326067
2241466535894163"
76561198061973744
76561198420349705
1763098513806533"
76561198081341198
76561198014224511
76561198145708113
76561198071600253
2097972986909732"
1875087845916787"
76561197960284195
76561198002684995
901371689987340">
76561198027593438
76561197999132525
76561198031084668
76561198079642602
1813663432005575"
76561198014448275
76561198096900518
76561198041343082
76561198012973242
76561198813872425
76561198112294077
76561198118656148
76561198062157800
76561197961123178
76561198398448125
1926117224074723"
1475101075933194"
76561198024967425
76561198133825166
76561198055529260
76561198442828804
76561198819714501
76561198108753155
1792484874123526"
76561198173364691
76561197992710624
76561201217501936
76561198045398549
76561197998649040
76561198019491299
1447234432049639"
76561198058264913
76561198109392347
1685589768227217"
76561198083668835
76561198119587108
76561198194620347
76561198044334091
76561198135293925
76561197973861879
76561198101762915
76561198073097313
1657527264301705"
76561198165126630
1678214918894150"
76561198259677987
1839758192736895"
76561197963068770
76561198100295721
76561198843290866
76561198015990899
76561198066828398
76561198022724892
76561198003513530
76561198013505251
76561198035803928
76561198025764142
76561198076181888
76561198160878630
76561197960450767
76561198052157507
76561198055758896
76561198040018404
76561198029891600
76561198060392469
76561198040145283
2078711738824943"
76561198040802547
76561198093844230
76561198074681686
76561198041761125
76561198035132932
76561198394684171
2074965015865496"
76561198026858314
76561198055327833
76561198202149720
76561198156348699
76561198110860187
76561198014208712
1849461415120628"
76561198027716804
1999201696757110"
76561198289170934
76561197967585235
76561197961200201
76561197982762847
76561198351250944
76561198140483220
1926637640700031"
76561198092629923
1811978235508216"
1802440379802937"
76561198086073215
76561198283870741
76561198104143272
1592198354224776"
76561198041210278
76561198083401969
76561198040152520
1938944999450382"
76561197982175676
76561198056720677
76561198065524619
76561198000402661
76561198061196289
1929995583742453"
76561197977414694
76561197960358984
76561198507582734
76561197988832437
1738894139560538"
76561198020682693
76561198028012818
2340714949275836"
76561198022152365
76561198118524994
1705917629502906"
76561198078908612
76561197986321917
76561198268284749
76561197991631104
76561198003794795
76561198224291924
76561198066850090
76561198081354298
1727184530707844"
76561198375424103
76561197966750143
76561198405326582
76561198071118607
76561198100648238
76561197975034224
76561197978774425
76561197993396185
76561198071516392
1889395304464569"
76561198038365813
1043205599137245"
76561198032042766
2025653507476813"
1538964966214630"
76561198005187050
76561198013363906
76561198021986214
76561198149809479
76561198795670701
1801924549902782"
76561198054271328
76561198100543596
76561197998489646
2006019406077589"
76561198066893434
76561198043075489
76561197988644602
76561198121839267
76561197998506423
76561201921116632
76561197977918917
76561198057626969
76561198042242580
1695518037191437"
1720096301409230"
76561198014322673
2043159162383280"
76561198017217806
76561198341061721
1674761905956164"
76561198162360837
76561197991790096
76561198014323353
76561198007853000
76561198302389603
76561197980136550
76561198033010883
2017380385001724"
76561198310453475
76561198402145496
76561198049728800
76561198046760800
76561198165256176
76561197961725251
1697767293592480"
2125213840840999"
76561198223287452
76561198023402158
76561198156744654
76561198080200884
76561198202943548
76561197999012197
76561198296052149
1646950588718568"
76561198124168502
76561197966759257
76561198021706118
76561198052825359
76561197993024580
76561198164311160
1682011478512636"
76561198086665212
76561198030933220
76561198129657402
76561198038929076
76561197970726998
76561198042318523
76561197999296871
76561198054702668
76561198163460724
76561198066405595
76561198154416439
76561197965629203
76561198050924662
76561197993462821
1722946867774998"
76561198021843002
76561198043843104
76561197971640811
76561198037818026
76561197961348272
76561198050752753
1548583801919472"
76561198186064906
76561198019606257
2446887965324933"
76561197972395209
76561198123763090
76561200419715431
76561198072782179
76561201935373902
76561198199577826
76561198053740435
76561198601950608
76561198061774513
76561198029890458
76561198021255320
76561200085377505
76561198132598948
76561198084972479
76561198007107051
1756901827682130"
76561197962786957
76561199974163320
76561198194000291
76561198161616767
76561198193890023
1791170294277214"
76561198049383526
76561198014106764
76561197960381017
76561197994938330
76561198109595382
76561197995648984
76561198064301654
76561198116209620
76561198077080070
76561197998683566
76561198034908732
76561197994875682
2021941584547486"
76561197993554819
76561198094835488
76561198132044106
76561198271954243
76561198053967252
76561198837262178
76561198092881519
76561198048897118
76561198012169390
76561198327023854
2268948363132074"
76561199381012355
76561197994936296
76561198072566622
76561198014407496
76561198107355238
76561198362561169
76561197972870635
76561198081269992
76561198122985623
2185825894764115"
76561197973876013
76561198007045996
76561197993432994
76561197985245933
1933923346659281"
1777101962380844"
76561198102761100
1796751370406536"
76561198152175392
1908645245835387"
76561198019094955
76561198301393988
76561198147285293
76561198115814323
76561198283565809
76561198055176557
76561197967202014
76561198187098718
76561198142069723
76561198094327415
76561198104755307
2109820165754653"
76561198055886335
76561198195465150
76561198068857429
76561198016852805
76561198175600402
76561198090560931
76561197974836663
76561198138381732
76561198102401938
76561198093871640
76561197960775524
76561197999308799
76561197993212979
1786605508100983"
76561200482612954
1559924830801844"
76561198049833425
76561198073452298
1668694156590958"
1824666834280502"
76561198165700532
76561198008929750
76561198082739460
76561197997470287
1533566266749175"
76561198172850515
76561198274329141
76561198009352947
76561198307521605
1416420975124626"
76561198006145426
76561198004947314
76561197994572225
76561198172393709
76561198007532543
76561198026606373
76561198040861032
76561198059813129
76561198047945399
76561198046479669
76561198025453049
76561198066047805
76561198074291023
76561198028720628
76561198400027946
2059735487373223"
76561198011767918
76561198161957148
76561198241081040
76561198054422841
76561197992750069
76561198245017574
1734146120004352"
76561198359628030
76561198071294066
76561198016461517
76561198102390713
76561198036185783
1718342584923303"
76561198366459254
76561198043878670
1510912765683881"
76561197971701153
76561198287700214
76561198261714679
76561198011420685
76561198214494985
76561198052517742
76561197960853294
76561198107482177
76561198000900409
76561198016787551
76561198054112211
76561198054322630
76561198031637980
1530446130418579"
1905037522848259"
1903492799674936"
1647949915258441"
1653868768072070"
76561198100551826
76561198037645082
76561198020355568
76561198091650049
76561198073906214
76561198030653841
76561198038486641
76561197998548246
76561198027034488
1920420274646083"
76561198128695681
2008135432544547"
76561197997711225
76561198058407488
76561198322395413
76561198014804239
76561198081489729
1565926933529361"
76561198025126988
76561198025447762
76561197998781932
76561197972833885
76561197997333172
76561198025908794
76561198046732586
76561198045339287
76561198071798058
76561198841767774
76561197990308901
76561201417397612
76561197963012964
76561198071154332
76561198044201561
76561198537984922
76561198045312247
76561198306162682
76561198067926426
76561198055777915
76561198185899397
76561197979507773
76561198022142534
2062836363788439"
76561198062594404
76561198054286070
76561198153279871
76561198041406673
76561198066381073
76561198080826755
1913590702026274"
76561198174405081
76561197972675923
76561198147876000
76561197993775495
76561198057584799
76561198160076792
1714707345313513"
76561198084348611
76561198449822675
2245554832151137"
76561198375257932
76561197976391183
76561198050507915
76561197983357875
76561198159195725
76561198125771506
76561198160004815
1730297397062272"
76561198044247045
76561198840759222
76561197986349641
76561198805534911
76561198078125781
76561198035983273
76561197974173322
76561198414528972
76561198044951150
76561198012654458
76561198115097289
76561198019271426
76561198242641780
76561197998829604
76561198032079759
76561198158421676
76561197983138172
76561198040870457
76561198053354133
1983501721683373"
76561198109229526
76561198037746995
76561198840391879
76561198032247887
76561198150036107
76561197990818067
76561198060258192
76561198101401303
76561197993529039
76561198003407892
1714097438625717"
76561198421324518
1878311565567107"
76561198072569396
76561198061054951
2230934560268975"
76561198010309008
76561198073628431
76561198269357155
76561198069881446
76561198102697734
76561197995830187
76561198117383654
76561197982951576
2066934226713646"
76561197988501751
76561198295618835
76561198013788075
76561198079475279
76561198049619334
76561198088517169
76561198117327157
1986063801403822"
76561197963103699
76561197970162593
76561198217451651
2415731575107371"
76561198175487193
76561198019784119
76561197962860228
76561198026609845
76561197963675998
76561198061743924
76561197991736778
76561198096410300
1825929537453616"
76561198172947794
76561198197415170
76561198795946043
76561198392280866
76561197994450604
76561198022549077
76561198073340165
76561198086210666
76561198171789274
76561198095510884
76561198160478657
1667179880045004"
76561201901498800
76561198001100141
76561197997519433
76561198144624977
76561198058150765
76561198049795876
1811352228910749"
76561198837312930
2143063109041492"
76561198063521028
76561197965090251
76561198077248074
76561198086545102
76561198117950153
1528154570643709"
76561198070988997
76561198121974293
76561198157393916
76561198060595690
76561198017322359
1722926744461628"
76561198134832418
76561197993419699
76561198064236900
76561198014050011
76561198007200176
76561198129457316
76561198040175428
76561197967438999
76561197998703650
76561198135394085
76561198028278752
76561198118186585
76561198054283378
76561198209861437
2051166438227297"
76561198083713105
76561201756735132
76561197973244061
76561198041851931
76561198074117998
76561198131425750
76561198423129511
76561198074148376
1603709669750182"
76561198042963022
76561198073636036
76561198346317416
76561197961796167
76561198053412947
76561198115086009
76561198003016378
76561198019494833
76561198052990460
76561198058825384
76561198022913421
1666791353374362"
76561198142361692
76561198063130210
1422744614494236"
76561198109493326
1801681799914218"
76561198008162241
2001834676556487"
76561197990282998
76561197993079615
76561198013418656
76561198174437871
76561201558280532
76561197993520947
1920222794688923"
76561198056995353
2197960870244157"
76561198085180575
1556170577838907"
76561198035139207
76561198040714370
76561198133205995
76561198045464314
76561198016223400
76561198064939347
76561198049020619
76561198014713410
76561197992088428
76561198174180438
76561198222156932
1727287890723215"
76561198041990267
76561198140033219
709661282490869">
1694216037311848"
76561198000733089
76561198065087780
76561198010817402
76561197991192792
76561198129852723
76561198182957875
76561198165821391
76561198139112394
76561198090026941
1539122302881974"
76561198348454604
76561197983580809
76561198042534511
76561198027863409
76561198132627784
76561198026005571
2088189137921868"
76561198005185101
76561197986777448
1875316295865719"
76561197995092839
76561198029495754
76561198062637158
76561198055695827
76561198053845613
76561198041567278
76561198058520179
76561198000468786
76561198043771839
76561198848037731
76561198020184847
76561198093016825
76561198023300384
76561197988852414
76561198073863984
76561197976483393
76561198074712938
76561201757898311
76561198176372750
76561200359128236
76561198006402085
76561198071528098
76561199811072333
76561198079789300
76561198047374757
76561197983639309
76561198093754530
1536811556442163"
1252514908184680"
76561198155408941
76561198036129655
76561198847145034
76561198048896120
76561198081400528
76561198154891642
1785753331493051"
1770289896343615"
76561197968847904
76561198363705742
1920766041291443"
2058271640881129"
76561198450770926
76561198074180010
76561198074536802
76561197989425207
76561198009103040
76561198078374931
76561198149406863
1969697483042438"
76561198075274879
76561197996864682
76561198061574753
76561197970550128
76561198022431574
76561198009481451
76561198055678274
76561198025841743
76561198383194609
76561197991842608
1766543336745181"
76561197961021819
76561198040154901
76561197994151111
76561198150304684
76561198061284117
76561198827478728
76561198059476713
76561198123473972
76561197978062364
76561198834043839
76561198067090406
1421680171264862"
76561198678259762
2147447985289581"
76561198042474712
76561198012591595
76561197994886466
76561198141601555
76561198010672421
76561197992485887
76561198077579979
76561198045415637
1458488400924276"
76561198095788745
76561198006987048
76561198439497703
76561200688584873
76561198044717246
76561198110922532
76561198201504497
76561198142933013
76561198085340245
76561200122825028
76561198018395697
76561198018295364
76561198375652135
76561198013286649
76561198023143970
76561198044097755
1949340881785085"
2066119796750587"
76561198202201732
1708886939199699"
76561198026328000
76561198096159466
76561198057695225
76561198038659805
76561197960894867
76561197996398585
76561198103489930
76561198127674902
1840654959330914"
76561198000157989
76561198023687911
76561198016474074
76561198238701680
76561198002407420
76561198203015304
76561198076173152
76561198094962228
76561198066626382
76561197974498361
76561198849674529
76561198311472710
76561198038479811
1716947581721151"
76561198299384031
76561201151962237
76561198054453608
76561198006769959
76561197960280876
76561198008154640
76561198003415449
76561198102129799
76561197986160809
1788267987886633"
76561198164199653
2003798803027884"
76561198025295299
76561198090562556
76561198155557266
1751548931580504"
2032510903428550"
76561198117636436
1666832756727921"
76561198053531458
76561197991455315
76561198061994727
1746132325451412"
76561198871266592
76561198102367210
76561198081533188
76561197984562825
76561198101159042
76561198189988063
76561198835006314
76561197971430039
76561198045870644
76561198104946027
76561198098459934
76561198122578474
76561198135606321
712251782232465">
76561198010933521
76561197978086395
2024228824284835"
76561198075544879
76561197993320533
76561198136331863
76561197993285708
76561198024327090
76561198004287276
76561198170680145
76561198034776819
76561198432089202
76561198063382647
76561198042213104
1906801475997535"
76561198149041508
76561198031201075
76561198073557188
2066624390031531"
76561198112880526
76561198048885503
76561198279470814
76561197986057296
76561198029575012
76561198063203451
76561198084760112
76561198014918496
76561198043806090
76561198049741129
76561198003833492
76561197960366718
76561198054710086
76561197981085823
76561198030566240
1981566581854189"
2046204115454040"
76561197992111746
76561198243244204
76561200585295004
76561198090410727
76561198022183966
76561198162956845
76561198067546938
76561198074250698
76561198124847741
76561198054048652
76561198210556971
76561198418286848
1561282434000346"
76561198022489647
76561198116261321
76561199671545765
76561198004815379
76561202197756574
76561198025266996
76561198093322480
76561198097054490
76561198029117272
76561198821970751
76561198178888115
1858061187587939"
76561198000629729
76561198349414201
76561197971239154
76561198065335522
76561198101288098
76561198070556807
76561198116624816
1930575106993964"
76561198097955994
76561198095874637
76561198086923113
76561198078224961
76561198049073658
76561198190861728
76561198073187587
76561198076575394
76561198010159983
76561198346609810
1705589529506398"
76561198040371513
76561198020332246
76561198012572604
76561197987478889
76561197970294751
1802533633118469"
1991074564298452"
76561198071672574
76561198121308594
1940377742699602"
76561198073869068
76561198249588368
76561198052594704
76561198043869462
76561198025238817
76561198073309414
76561198109991995
76561198045850662
76561198063170766
76561201350295981
76561198021760957
76561198073796993
76561198000077243
76561198013179108
76561198044364752
76561198110133956
76561198038995431
1892106217517781"
76561197976111648
76561198117720541
76561198037578675
76561198048507518
76561200812531203
76561198048014741
76561198044453101
76561197987247193
76561200156585511
76561198105675769
76561198144697664
76561198027005378
76561198004816685
76561201163963812
76561198310550037
76561198133170838
2042852889120590"
76561198106394577
76561197988563652
76561198027936618
76561198093093133
76561198263824627
76561198053406791
76561198029166434
76561198082279286
76561198012550075
1662868793760648"
76561198010890978
76561198735277614
76561198292964507
76561198140878668
76561198068416023
76561198186339531
76561198072726891
76561198042088309
76561199708954824
76561198071585316
76561198076004198
76561198068220144
76561198021426928
1996553557052544"
76561198274382358
76561198822211807
1276537595782263"
1724964197525985"
76561198355118248
76561198017119615
76561198046820668
76561198052829694
76561198131565761
1333885050045429"
76561198837270538
76561198012433285
76561198071963189
76561198047527986
76561198836332871
76561198043167690
1843324105717881"
76561198049637853
76561197991614756
76561198108362717
76561197967752327
76561198043417346
76561198056306451
76561198075738184
76561197990407024
76561198809671451
76561198421057281
76561198078034157
76561198017437632
76561198013110749
76561198010603262
1642253719223268"
1374277766006401"
76561197970269498
76561198012654837
76561198025049084
76561198074127076
76561198299774290
76561201700739280
76561197984409667
76561198019800580
1886445328081870"
76561199010033129
76561197993590893
76561198035157820
76561198029513101
76561198022706191
76561198193107669
76561198072227364
76561198198111290
76561197998880716
76561198290588537
76561198392413653
76561198813558967
1763747807066465"
76561198013658388
1909396922417681"
76561198119751283
76561198084836039
76561198067432850
76561198042307067
76561197969440658
76561198127834638
76561198012617316
76561198133210240
76561198799014241
1790645634316020"
76561198018120594
76561198043647811
1644417195672932"
76561198030534236
76561198008965523
1587476441351039"
76561198127934025
76561197987754883
1692002464181166"
76561198111223833
76561198092446096
76561198010400142
76561198345996050
76561201198161277
76561198165761185
76561198090722798
76561198034076337
76561197994001484
76561198058174983
76561197967871231
76561198196332323
2347508051930445"
2454858524540107"
1800984469985865"
76561198337068624
1692108204190588"
76561198067410339
76561198042558022
76561198027293818
76561198837383710
76561198127038372
76561198346646238
76561198028856167
76561198063399523
76561198117876947
76561198069814701
76561198050344162
76561197965976309
76561198149695249
76561198033073511
76561198018678771
76561198042663629
1807938062615592"
76561201296346047
76561198072635211
76561198027091252
76561197986207964
76561198120076947
2011118138963244"
76561198053835268
76561198061959102
76561198024016850
76561198059509195
76561198006377037
1830830036992414"
76561197966454235
76561198009885867
76561197996552679
76561198052024024
76561198054077414
76561200118809360
76561198122392588
76561198076558855
76561198064875408
76561198060746396
76561198003055882
76561202162216792
76561198040952074
76561198064094841
76561198013267904
76561198170490313
76561198041120591
1975090735880174"
76561197994169757
76561197970365222
1949151058533058"
76561197970788559
76561198042618776
1735856869840129"
1616895308409083"
76561198053330051
76561199385025456
76561198043916493
76561198115578489
76561198052273726
76561198800045775
76561198064832546
76561197980734698
2138661586175186"
76561198106522659
76561198026296319
76561198399765340
76561198030608172
76561199441240397
76561198018598654
76561198009391931
76561200886687143
1562804500515430"
1827649807258020"
2389605027720226"
76561198015890230
2269467136411685"
76561197988842515
76561198201455799
1714453241974023"
76561198180507583
76561198079709444
1761147874006403"
76561198091110927
76561198026865266
76561197998293058
2337651549604359"
76561199373299558
76561197975477253
76561198156187966
1562065150583532"
76561198026233116
76561198290074432
76561198049846317
76561197983927621
76561198119173374
76561198100124707
76561198005656643
1561868570609032"
76561197975539569
76561198075673721
1578264768949476"
76561198131256954
76561198015157675
1913382942025477"
76561197964268176
76561197960432857
76561198050048582
76561198075816467
76561198011862460
2070837009657098"
76561198023218330
76561198003013255
1949409381746231"
76561198110144561
76561198072156476
76561198062017582
76561198443108947
76561198030242792
76561198068112961
76561197993369486
76561197995508253
76561198068723231
76561198018876701
76561199914104088
76561198090001464
76561198045908270
76561198032816887
76561198143819209
76561197962633785
76561198845884996
1752739231429945"
76561198078503422
76561198121468497
76561198068006558
76561198039648648
76561198199483885
76561198027887830
76561198162724150
76561198031034897
76561198171473591
76561198113160961
76561198089726942
2126004300788520"
76561198091522101
76561198293369003
76561198202208638
76561198024953310
76561198044684227
1859457784148560"
76561201150169726
76561197999916242
76561198025832749
76561198152698973
1810062472443421"
76561197997899705
76561198003345692
76561198052212760
76561198200748163
76561198378812415
76561198176812002
76561198081002003
76561198015690119
76561197985033066
76561198043966055
76561198429911875
1550764915045540"
76561198057148598
76561197970435129
76561198025628733
76561197997382955
76561197994373474
76561197960751923
76561198005366226
76561198069064227
76561198302591376
76561198090167265
76561198061810570
76561198025146995
76561198065582681
76561197996238306
76561198069266578
1548581435267685"
76561198118576945
76561198022245689
76561198031749102
1897767800261961"
76561198204035667
76561198209985187
76561198028150429
2678059432219421"
76561197987084148
76561197981358653
1684066555007490"
76561197970384930
2100828956600501"
1966720223360863"
1989625447723604"
76561198073192482
1912866038749870"
76561197971574107
76561198041974137
76561198104191971
76561198023209819
76561198021264562
76561198042366037
1691012967654125"
76561197965444209
76561197995058988
76561198116407294
2314652715227944"
76561198175883881
76561198169761558
76561197961436521
76561198093936990
76561198041940756
76561198206925713
76561198020235301
76561198018573267
76561198010203084
76561198034917977
76561198024025675
76561198002512591
76561198061019702
76561198841188395
76561198043213274
76561198127921317
76561197966497746
2268974696476613"
76561198061866662
76561198077888505
76561198196051355
76561198097875864
76561198047377915
76561200484145517
76561198082238779
76561197994625009
76561201355782006
76561198372638080
76561198037921738
76561198143351828
76561198331471317
76561198040842108
76561198042369926
76561198003925339
76561198143744048
76561198070819552
76561198316716977
76561197983266810
76561198042028713
76561200250743406
76561198011581711
76561198288741232
76561198099826007
76561198046169266
76561198399648769
76561198130653459
2150570148349373"
76561198166409883
76561197970318529
76561198043862855
76561198257289414
76561198078295492
76561198054727876
992759817515773">
76561198110407729
1706919616040642"
76561198369098164
76561198004673322
76561198215088465
76561198041032113
76561198042154159
76561198102393741
76561198350717298
76561198046048451
76561197971728481
76561198052794630
1381531838614076"
76561198060703059
76561198096152393
76561198087210634
76561198039941506
1947574238597512"
76561198184946247
76561201089027065
76561198262935097
1795114373870004"
76561197972292382
76561198160042157
76561197962851994
76561198324760954
76561198017929742
76561198183500017
76561198080566957
917416311716308">
76561198061137430
76561198003735642
1561561507304874"
1914650308577797"
76561198041892351
76561198013815821
76561198072058923
2169029863108969"
76561198084052935
76561198082535759
76561198249986118
76561198204723427
76561198012496108
76561197998495313
76561198147269825
76561198070637807
76561198042826050
1447466052024943"
76561197998432938
76561198001346663
2196861193660619"
76561198004975801
76561197965385102
76561198080628068
76561198142307963
76561201727941992
76561198835689452
76561198086180357
76561198080540890
76561198064515557
76561198055878020
76561198000086374
76561198048832549
76561198065498605
76561198099074784
2002880573066453"
76561199474830643
76561198263099934
76561198031933452
76561198040573232
76561198133703289
76561197997472612
2042740492434473"
2318093258207544"
76561197985794570
76561197967429786
76561198182768769
76561198028907805
76561198315961741
76561198115233834
1816173108428203"
76561198058120056
76561198009513103
76561197992871195
76561198347895435
76561198080985378
76561197982927507
76561198075573626
76561198213149240
76561198083256630
76561198050541845
76561198122860763
1670763693022388"
2127704073938165"
76561198153517850
76561198098336800
76561198027182498
76561198025287095
76561197973240140
76561198045231671
76561198119570789
76561199710800717
76561198841427367
76561198306684871
76561198396515529
76561198432921017
1740984512622948"
76561198054425446
76561198015532325
1731541616926264"
76561198033102530
76561198032693055
76561198281869077
76561198119968606
76561198302796274
76561198062251048
76561198105558235
76561197971958218
76561198004631120
76561198071488008
1826669354081496"
76561198095736260
1608868372564010"
76561198080574023
76561198004590819
76561198047611579
76561197994613064
76561198090553461
76561197977906855
76561198065886647
76561198037919393
76561197986014078
2168734259818602"
76561198072122330
76561198015497219
76561198089736740
1930948070251295"
76561198212293035
76561197970773693
76561200422060384
76561198416567581
76561198062348361
76561198025153087
76561198063800713
1924760647542728"
76561198009093755
1812865675418323"
76561197997453648
76561198969442214
76561198022013534
76561197961569176
76561198001935166
76561198008257117
76561198832770089
76561198049082541
76561198067096583
76561198075693407
76561198089779472
76561198277524314
76561197982838853
76561198016851848
76561198049280624
76561198194697158
2044573275561600"
76561198081652107
76561198435120992
76561198142823598
76561198041342508
76561198069945306
76561198065736825
76561198103496237
76561198283696743
76561198063920966
76561198043135661
76561198057775811
76561198002687931
76561197974876622
76561198032479845
76561197997296492
76561198040052917
76561197975650791
76561198059054547
76561197974252168
76561198040293064
76561198023965442
76561198065628774
76561198068394939
2382165875140426"
76561198002015831
76561198076197269
76561198366306758
76561198038132210
76561198214100163
76561198018325956
76561198080105922
76561198161256064
76561198007702791
76561198031727521
76561198313695761
76561198044238183
76561198039475785
76561198066348555
76561198165650291
76561198062064079
76561198118067771
1675865909194940"
76561198025965213
2344625945564154"
76561198011461324
76561198339718820
1265493043553264"
76561198150144475
76561198095654650
76561198168132132
76561198087378221
76561198030933817
76561198046809747
76561198018830471
76561198094393272
76561197970514785
76561198057747938
76561197996191314
76561198029468549
76561198049077909
76561197976074669
76561197967895927
76561198132854668
76561197972335943
1545655095545730"
76561197997445335
76561198036226519
76561198060075163
76561201987005227
76561198007669033
76561198010193413
76561198090852919
1626148094100546"
1771927042865057"
76561198805250344
76561198030899186
76561198068705497
76561198048497289
76561198068543916
1699870890100495"
76561198053232980
76561197984452824
76561198199063379
76561198032380463
76561198806118085
76561198107047024
76561198035147813
76561198072618133
1584521598313856"
76561198084455300
76561197996845537
76561198018354711
76561198026708824
1783651675027417"
76561198037372880
76561198205814560
76561198368172169
76561198096718815
76561198047806116
76561198070237943
76561198104773379
76561197983870907
76561198066296660
76561198035032114
76561198006677479
76561198041744177
76561198024799390
76561198026698506
76561197981469279
76561198346912526
1771630652930752"
76561198044985271
1804505352940879"
76561198027174089
76561200883235609
76561198023041268
76561198075118897
76561198115082712
76561198106660504
76561198041588500
2109636072444843"
1784896161568210"
76561198004634678
76561198707405872
1367392093363207"
76561198040952935
76561198063728915
76561198018394421
76561197983217001
76561198132082309
76561198059157295
76561197960665878
76561197974158100
76561197966700731
76561198054058961
2357089047638321"
76561197986676474
76561198118427293
76561198094132488
76561198091310779
76561198034334189
76561198045742136
1813169918729124"
76561198101554784
1668931773204827"
76561198126419269
76561198836899335
76561198408941152
76561198065918126
76561198089675316
76561197966560834
76561197976346181
76561198099029403
1429490897157267"
76561197994332078
76561198110973569
76561198025865936
76561198069593641
76561197991259460
76561198027500276
2128526217163175"
1917746538269962"
76561198072501128
76561198131462092
76561198079099883
76561198170958019
76561197972472344
76561198079856235
76561198196133437
76561198197248425
76561198203945772
76561197996800503
76561198829841933
76561198207798028
76561197984496204
76561198098820461
76561197998248348
76561197972459148
1864183043621009"
76561198069903383
76561198041245857
76561198016890676
76561198804042532
76561198806960535
76561198149579518
76561198401094788
2119093194798217"
76561198135644829
76561198013251847
76561198114381642
76561197969155021
76561198073706804
76561197996022288
76561198159463617
76561198033977254
76561198072698072
76561197960331782
76561198116899467
76561198078134104
76561198088320674
76561198028949773
76561198129290095
76561197964144894
76561197960328767
76561198066373788
76561198041478405
1848702148530944"
76561198480216287
76561198111998311
76561197962976019
76561198210492140
1800385123386721"
76561198051912509
76561198044021260
76561198040388421
76561198030090351
76561198010602045
76561198126290564
76561197960851585
76561198836065740
76561198064051596
76561198101193046
76561198345513849
76561198323725199
76561198059529256
76561198010238937
76561198057065314
1812385808848938"
76561197983681547
76561198032641524
1808186052606956"
76561197961018303
1425480100885130"
959417557516240">
76561198024714154
76561199883868910
76561198055939102
76561198091411354
76561200852563364
76561198316537907
76561198021583715
1444955302275366"
1926025814088409"
76561197988653117
2004079019633993"
76561198050727968
76561197996590553
1596397943821403"
76561198064171728
76561198267298929
1691976227591534"
76561198130493836
76561197972693454
76561198035094240
76561198357054147
76561197975670295
76561198088247935
76561198029210673
76561197986145510
76561198005102794
76561198048229578
1660742244038279"
76561198043077335
76561198049984725
76561198078654516
76561198071269944
76561198044273427
76561198013156244
1914414408582137"
76561198148298181
76561197990228990
76561198103737159
76561198430004310
76561198028616170
76561197992243132
76561198103195036
76561197964341462
76561198232006248
76561198130533879
76561198122442527
1697664703604194"
2575937455757179"
1800386233362713"
76561198056647481
4702114299835723"
76561198125346006
76561198143022390
1829254340462592"
76561198032534050
76561201822913861
76561197993626042
76561198120723477
2050198501665910"
1731858543529263"
1503266236448900"
76561197983386744
76561201586537331
76561198132450438
1737604073024851"
76561197988353836
76561197999928516
76561198144536418
76561198121803993
76561198035894362
76561198014305683
76561198005885862
76561198066726475
1814427541947283"
76561197987305230
76561197991971952
76561198119100645
76561198055910328
76561198074579369
76561197961354349
76561198107927295
76561198324889441
76561197977319682
76561200861004843
76561198118369904
76561198052116213
76561198181767078
76561198313896408
76561197962597400
76561198057696657
76561198127744894
76561198109867480
1697663993679607"
1840814922636295"
1578423612286275"
1908706402508082"
76561198038943858
76561198171146113
76561197988566352
76561198042557812
76561198010993150
76561198817347893
76561197998285412
76561198431762976
76561198079465029
76561197977211008
76561198076617050
76561198035917069
76561198044232751
76561197968567148
76561198078170146
1805467559473689"
1975339669145833"
76561198163794025
1843060272467523"
76561198068564629
76561198160378260
1953161491363635"
76561198043970539
76561197971069657
1549982831773616"
1937517766268040"
76561198031933986
76561198850749584
76561198126784526
76561198026530781
76561198100793182
76561198642561575
1723288174459079"
76561198077468729
76561198037147036
76561198244838976
76561198016781730
76561198020356931
76561197962753902
76561198025765545
76561198132578159
76561198122755739
76561197967830244
1946645542077484"
1594889270619519"
76561198062378256
76561198823201384
1700677050046509"
76561198425629838
76561198006586542
1723538937760928"
76561197990759687
76561198083704534
76561198039776037
76561198126842084
76561197996182570
1972568446149731"
76561198301675766
76561198308708035
76561198100769940
76561198275398231
76561197980627535
76561198034157792
76561198014500733
1677925422297315"
76561198047713359
76561199582380043
76561198059860396
76561198071293112
76561198076800948
2163944610312668"
76561197983568344
76561198314914759
76561197995184309
1595473597217704"
76561198301670968
76561197971007162
76561198025864716
76561197993473585
76561198124184781
76561198042116718
76561198372859653
76561197967022099
2182204781794787"
76561198012273326
76561197990045087
1450627578382531"
76561198043651610
1642421105875898"
1651815261580851"
76561198092197869
76561198067689528
76561198107658246
76561198037953799
76561198308765852
1587419898023153"
76561198035143323
76561198198664289
76561198042139362
76561198035902537
76561198002454737
76561198091788880
76561198088427145
76561198104148883
76561198022443906
76561198110460334
76561198111300820
76561198088023212
76561198068668764
76561198017032744
76561198241357146
1427033934067852"
76561198191918998
76561198045125607
76561198018704548
76561198036355958
76561198126134732
1676794785768009"
76561198196363027
76561197991004314
76561198026461337
76561198068084143
1744796358934129"
76561197975735537
76561198137052180
76561198072574906
76561198069508802
76561198004348239
76561198080052191
76561198027914403
76561198019513529
2095237770504843"
1964128353597854"
76561198036945222
76561197967998342
76561198082464617
76561198138230386
76561198088177681
76561198052326314
76561198072135624
76561198153745497
76561198049105458
76561197993269995
76561197969573910
76561197993943980
76561198052355974
1827529227270583"
76561198304668707
2008069539211474"
76561198059331320
76561198085911280
76561198025557962
76561198036267242
76561197974907296
76561197985389469
76561198288944959
76561198023689465
76561198089563496
76561197980215261
76561198105113145
1641538225965318"
76561198073939949
76561198039735747
76561198092971982
76561198043278488
76561197993053295
76561198145203875
76561198030844775
76561197994385303
76561198019338392
76561197973113377
76561198169961251
76561198140772038
76561198045758481
76561198155895279
76561197989783229
76561198140689378
76561198044978767
1319603464808673"
76561198048436884
76561198012377907
76561198031667430
76561198047373816
76561198102443289
76561198076934654
76561198066241544
1654533341340205"
76561198105206627
2012194355520257"
1635382586568743"
76561198136436071
76561198063357635
76561198059554792
76561198025514459
76561198031825163
76561198072191293
76561197980096677
76561198060617015
76561197970347647
76561198077353022
76561197967613708
76561198025050899
76561198047999597
76561198142669575
76561198053142691
76561198064802035
76561198045962902
1917964444909533"
1774234052671705"
76561198804308902
76561198324731993
76561198105246600
76561198094828825
76561198004508735
1678157192307513"
1759504750797599"
76561198402260671
76561198015265677
76561198034355385
76561198074854338
76561198115608747
76561198125274912
2196810897001038"
76561198127716111
76561199264062880
76561198025011144
76561198015892406
76561198182904941
76561197990454091
76561198046231697
76561198050033331
76561198087072500
76561198181221545
76561198071163632
76561197978318176
76561198060478270
76561198235283808
76561198003823970
76561198096329568
76561198034240225
76561198046680251
76561198132242079
76561198027620618
76561198000812214
1700937996660752"
76561198017081002
76561198352300913
76561197970706629
1467986806640842"
76561198140791331
76561197995346472
76561197982926489
76561198065138576
1653333131447718"
76561198832030429
76561198034132228
1857853604275239"
76561198001890361
76561198203318426
76561198070492467
76561197995746997
76561198188648010
76561197990995773
76561198312414782
1992965704107936"
76561197987782646
76561198087820536
76561197994378312
76561197969952983
76561198830600652
1878425752167560"
76561198061240001
76561198042883828
76561197986139154
76561198012337172
1721952534585035"
76561197996924824
1655775177791148"
76561198013756956
76561197972330278
76561198047281573
76561197996046837
76561198042004554
76561198007784921
76561198000588356
76561198008735867
76561198042179038
2141163109259013"
76561198119729385
76561197998944341
76561198041897670
76561198003136573
76561198336063036
76561197972340902
1756775517773484"
76561198027563375
76561200747426817
1899033800131400"
1921308617888513"
76561200724009058
76561198046277422
76561198508800410
76561198146490781
76561198027858829
76561198093063476
76561197995986021
76561198286107725
76561198073243597
76561198117600558
76561198042216397
76561198063469720
76561198065097191
76561198043501652
76561198086427300
76561197967386883
76561197994436373
76561198041316864
76561198022769271
76561198025059530
76561198042078804
1517176715060432"
76561198025454157
76561198119837120
76561198000717126
76561198036723982
76561197968490378
1593378787433225"
76561198829359788
76561201259191481
76561198138054765
76561197992431848
1588712654560884"
76561197962892962
76561197972318575
76561198120369146
76561198125049350
76561198121289934
76561198009772363
76561198081429632
76561197968152604
76561197990741155
76561198112839336
76561198147259186
2204546436252474"
76561198211154883
76561198089005482
76561197995884750
76561198434920999
76561198115255197
76561198253553793
76561201124336131
76561198000575328
76561197998796785
76561197994260963
76561198066596658
76561197982559701
76561198041174607
76561198295262978
76561198127663008
76561198036831873
76561198078323286
1471461349624413"
76561198066737789
76561198072979005
76561198046394817
76561197980640142
76561198042368292
1503252139786478"
76561198063416085
76561198090523423
76561198093527635
76561198075527948
76561198025412842
76561198812528669
76561198335448002
76561197971091788
76561197993225534
76561197967805150
76561198190052786
1714015512045648"
76561198025313604
76561198039837378
76561198127683363
1701802283207498"
76561198047902264
76561198110745269
76561198060820388
76561197961226590
76561198129661529
76561198141642590
76561198385093011
76561197982291665
76561197981243501
1682084175239397"
76561198042201559
76561198069810403
76561198110946578
76561198060181287
76561198847501951
76561198114765806
76561198352388556
76561198067961218
76561198052421225
76561198278211022
76561198344210390
76561198294316985
76561198014990088
76561198881254371
2201187099892278"
76561198000067346
1748774025236402"
76561198086785992
76561198199647698
76561198059640338
1796511813705102"
1881673881862925"
76561200423409646
1746192815494865"
76561198116695819
76561198072846986
1923243191039787"
76561198260374836
76561198073527682
76561198015391201
76561198053764395
76561198034784611
76561198285837597
76561197960800547
76561198097522821
76561198167160601
76561198390452296
1732603326835693"
76561198163390059
76561198042937831
76561198089964525
76561197985983437
76561198053436096
76561197981447208
76561198839358975
76561198070247273
76561198356627669
76561198411246480
76561198068731258
76561197982871317
76561197972603954
76561198332867590
76561197966348320
1413748162065287"
76561198027925996
76561198344215108
76561198016753325
76561198092454919
76561198034703704
2123952014313525"
76561198072501787
76561198276853658
76561198024764766
743916352399393">
76561197995946862
76561197984387607
76561198070493079
76561198032831070
1704060966307916"
76561198380544669
76561198035875340
76561198179017187
76561197974840829
76561198110877524
76561198065475612
76561197997595561
76561198011250232
76561198087667859
76561198076454232
76561198106151268
76561198139513700
76561198056377198
76561198840145615
76561198401605910
76561198023687717
76561198068098734
76561198324361988
1711759368939718"
76561197970241394
76561198263564427
76561198055174881
76561198064635025
1735568959892633"
76561197964570605
1761619277267304"
76561198022805544
76561198035234732
76561198055267015
76561198019390610
76561200316106202
76561198049350627
76561198070493303
1664259396962439"
76561198431062921
76561197990285412
76561198079830498
76561198047378290
76561198315123067
76561198126666199
76561198271342343
76561198293710734
76561198030273150
1216844935085859"
1704362726278554"
76561197986384227
76561197999129854
76561198029476065
76561198118985268
76561198151427364
76561198134861369
76561198042582642
76561198271361775
76561198107846943
76561198204973428
76561198177459457
76561197982353032
1922068441191095"
76561198170212239
76561202136965380
76561198144950532
76561198016261668
76561198086020607
76561198085688485
76561198356196028
76561198068022564
76561198062956215
76561197984009660
76561198084394739
76561197985364470
76561198308258871
2166133346730765"
76561197995301575
76561198112153678
76561197968279678
76561198010680036
76561198835001278
76561198378549231
76561198011097971
76561198024353077
76561197978470234
76561197966064409
76561198099939926
76561198017164292
76561198001831502
76561198003040255
76561198112167408
76561198052440018
76561197997709185
76561198124419635
76561198172764174
1744457395592482"
76561198173860219
76561197979977454
76561198048957529
76561198314146741
76561198152721880
1983591918349574"
76561198025045874
1366197316813527"
76561198119377639
76561198072260874
76561198087833704
76561198014663898
76561198012008767
76561201900092766
1667605546691172"
76561198027780108
1768679623201164"
76561199001858776
76561197986551462
76561198247268140
76561198089483687
76561198104496796
1940542175988206"
76561198087588848
76561198018498670
76561197981315549
76561198010104101
76561198071664309
76561199410413499
76561198418192041
76561197968592528
2039630132778825"
76561198832266299
1652220258180490"
76561198637102426
76561198040532426
76561197989202663
76561198047317236
76561197965235194
76561198186392474
76561197979360284
1689921494436037"
76561198006813860
76561198143891283
76561200719134889
76561198003222597
76561197963505082
76561198260015178
76561198148289493
76561198052377577
1753901348022520"
76561198080847944
76561198317099175
76561198081574421
2101897803163470"
76561198040512262
76561198000323303
1824013294310843"
76561198243385500
76561198002524525
76561198164305743
76561198018517350
76561198192153855
76561198136925741
76561198368833814
76561198075126171
76561198405904969
76561198110564748
76561197973932795
76561198091395080
76561197969345502
76561197995197662
2013521581991476"
76561197991987633
76561198045818163
76561198031912242
76561198123597900
76561198055916004
76561197960432433
76561197971780252
76561198016077221
76561198315212512
76561198177155605
1866176723433022"
76561198798878533
1671643609616965"
76561198253568318
76561198335923054
76561197981138706
76561198039713824
1850621058330665"
1764955286880631"
76561198068149467
76561201825213121
76561198840689644
76561198090951327
76561198049755333
1763726137042113"
76561198105058406
76561197996838769
76561198008482434
76561198048023353
76561198173230362
76561198234913540
76561198123903459
76561198028916253
76561198272043194
76561198131476906
1262496297187121"
76561197985353856
1283425651760602"
76561197963715065
76561198060312266
76561198001575001
76561198039324509
76561198214206900
76561198834689227
76561197997616474
1840677615999568"
76561197996453708
76561200526256649
76561198015448434
76561197998946869
76561198000735732
76561197974242609
76561198072447444
76561198058340727
2033722990024482"
76561198366987902
76561198107507432
76561198003603984
76561198001362833
76561197986424428
76561198110375022
76561198031452141
76561198248725526
76561198021051685
1763289157043752"
76561198042488618
76561198322413856
76561198005118275
76561198122519476
1315465928557182"
76561198027316364
76561202204449771
76561198097074432
76561198040338260
76561198005523330
76561198069915788
76561198235777920
76561198094618824
76561197994624187
76561198026165579
76561198034190941
76561198006099759
76561198032820187
1834678053257107"
76561197961959804
76561198045943038
76561198328589429
76561197988053512
76561198025710216
76561198020546905
76561197983385551
76561198001177901
76561198358136198
76561198071035344
76561198355725049
76561198071546873
1839676702741827"
1724476694255534"
76561198069225848
76561198274121638
76561198016045145
76561198035698546
1926031970804654"
76561197960533812
76561198057759776
76561198068580740
76561200523627734
76561197982205547
76561198043480639
76561198042230414
76561198307005310
1852689618145362"
76561197994240379
1724320217667040"
76561198043288499
76561198382265229
76561198078443602
76561198038976982
76561198025306249
76561198325812783
76561197995347564
76561198332094291
76561198127397501
76561198039031364
76561197995018509
76561198068138070
76561198070537942
76561198086683636
76561198019288161
76561197970219235
76561198057640211
2106231519406806"
76561198084313392
76561198173273171
76561198067368736
76561198096879602
76561198035990299
76561197980921002
76561198065396036
76561198283178448
76561198806250919
76561198062476933
76561198041772382
76561198127544753
1577871589006518"
76561198298535915
76561198274005878
76561197993346587
76561198051736463
76561198289321806
76561198120020010
76561198061460007
76561198045882936
76561198041693915
76561198116363406
76561198033278829
76561198141680158
1653689318086353"
76561198056205170
76561200021416430
76561200348082153
76561198239423090
76561197994023250
76561198076887784
76561198031497645
76561198057064913
1762993513793379"
76561198071540556
76561198103004284
76561198085158985
76561198081809855
76561198033507630
76561197995567352
1930744990329813"
76561198075614799
76561198072658069
1508867439217408"
76561198044814338
76561198084799884
76561198040548787
76561197986239839
76561201494568115
76561198044786658
76561198325531750
76561197977407915
76561198840271180
76561198839510564
76561198087318617
76561197972870127
76561198041868723
76561198072959719
2153394388011687"
76561198011972980
76561198018849852
76561197960782433
76561198109777133
76561197994043244
1771695152949326"
1720806628033118"
76561198007599654
76561198015649972
76561198316753202
76561198353321381
1582455045210061"
76561198313864654
1680331185397012"
1795223260534679"
76561198044553299
76561198061278441
1596643117122035"
76561198130118551
76561197974104956
76561198053012038
76561198122461247
76561198041513417
1842130272474607"
76561197970626738
76561198006640232
76561197984782216
2258135570864988"
76561198842032587
76561198369498616
76561198015261199
76561198799015775
76561198092263260
1454047064700859"
76561198093513336
76561198076732189
76561197997793500
76561198042190901
76561198160648627
2311280268889156"
76561198039477038
1970676813007261"
76561197975237378
76561198021777640
76561198004598678
1822959114409023"
76561197999898421
76561198057827667
76561198051454427
76561198262320037
76561197993346250
2147676745261074"
76561198043820571
1768154603275547"
76561198118340352
76561198306325835
1680666168714667"
76561198052247244
76561197992531901
76561197990530807
76561198267281631
76561198041735652
76561198969496063
76561198014207665
76561198406248287
76561198016172300
76561198015300762
76561198085592585
76561198123683990
76561198004798436
1731581493601015"
1777997555589889"
76561198101047905
76561198840176898
76561198029125845
76561198030036806
76561198063589043
76561198094854299
76561198143589503
1971133839564804"
76561198025219358
76561197993073641
76561197994994063
76561198018919161
1478901015549480"
76561198139354034
76561198170031906
76561197993462429
76561198020865475
76561198022179544
76561198061648566
76561198081194677
76561198705274390
76561198072328075
76561198144737843
76561198357462820
76561197961395650
76561198016409517
76561198073443226
76561198300100124
76561198003577994
76561198050060680
76561197999712876
76561197962955644
790594407731605">
1527029167423290"
76561198060341636
76561198127029889
76561198025264757
76561198044273071
1797071260377306"
76561198076270280
76561198374696014
76561198344524792
76561198100367877
76561197991309571
76561198060311863
76561198028574605
76561198094045624
76561198076277058
76561198119945817
76561197965117293
76561198400080921
2149893461706588"
76561198152116097
1762948233758514"
76561198237410066
76561198141807113
76561198012903032
2346572262021304"
76561198125013582
76561198093587633
76561197964351915
76561198316817064
76561198055000746
76561198026351743
76561198062726199
76561198021109849
76561198055584441
76561198042952699
1982719608466958"
76561198014789213
1429166990520665"
76561197989381643
76561198104398453
76561198111687320
76561198195827935
76561198026312817
76561198001657688
76561198248917668
76561198203447363
76561197989369156
76561198165696024
76561198025290087
76561198095543213
2060811763992791"
76561198031637490
76561198225011424
1943130649065171"
76561197996496329
1367686363332048"
76561197970588495
76561198021350006
76561198018859187
76561198057258651
1957230611014626"
76561198172956734
76561198076741626
76561199614196239
76561197997909626
76561198104121565
1868123003251833"
76561198349163478
76561198061980118
76561201282246312
76561198023918881
1337721742997936"
76561198024976572
76561198158034130
76561198151398839
76561198042104379
76561198059091494
76561198015733572
76561198173992685
76561198042870806
2199669043399235"
76561198062891389
2044352925606399"
1828640807200486"
76561198065478973
76561198066866326
1672202042897166"
76561197974583734
76561198169369630
76561198367617530
76561197971030253
76561198072577978
76561198022276444
76561198045584376
76561198279964683
76561198258634493
76561198139927335
76561198028259531
76561198042580866
76561198025316354
76561198088605168
76561198079457820
76561198008057150
76561198269981208
76561199809790457
76561198000418837
76561198018398579
76561198798501918
76561198316991355
76561198034293581
76561197970562315
1922899257762931"
2352563941495156"
76561198024585668
76561198063266768
76561197964893033
76561198068365771
1956027941136048"
76561198121621725
1770723496298665"
76561198055995945
76561200154958512
76561198158896975
76561198065419187
76561198121243198
76561197995269736
76561198054490259
2425421250808853"
76561198073519393
1670125829761913"
76561199004558916
76561198063571800
76561198028027373
76561198087878078
1706512096092532"
2099150166791688"
76561198048001779
76561198045921948
76561202200610247
76561198150628802
76561198063403507
2047544585315677"
1502121829917537"
76561198072840809
2576036465755876"
1751741688255267"
76561198028204207
76561198843914550
76561200952192148
76561198023519476
76561198091307138
76561198082033253
76561198046493272
76561197992501062
1899357226750188"
76561198112772327
76561197979707778
76561198004985712
76561198066888377
76561198004490919
76561197961770562
76561198026606684
1742197839227615"
1753893311370244"
1821041481291179"
76561197993606763
76561198195150345
76561198033005865
76561198032261087
1821266221226793"
76561198156147097
76561198360692439
76561198101067916
1950141815058406"
76561198053369024
76561198056519401
1867884819971798"
76561197996961303
76561197990425199
76561198143699151
76561198121961443
76561197987405262
76561198378920624
76561198822232030
76561198083495781
76561198081092076
76561198008960953
76561198043975421
76561197967561467
76561197970916422
1721330141316451"
76561198044128390
1778396982183394"
76561198022778786
76561198035526193
1783764771646609"
76561197999027152
1801868913202923"
76561198112579503
1912426472134911"
76561198086955009
76561198042593901
76561198310251535
2482292725130329"
76561198068180212
76561198810894296
2086258098068481"
2136073139768227"
76561198078306982
76561198003879995
2088173371216365"
2209884395703313"
76561197991659810
76561198008444524
76561198112347458
76561198042112364
76561198008081177
76561198030937151
76561198065857900
76561198045397778
76561197977091574
76561198026817549
1552612411504191"
76561198842727176
76561198024847689
76561198008643305
76561198152651152
76561198058134501
2158734537488799"
76561198039724546
76561198045633652
1642361879166223"
76561198035542934
1951106981607387"
76561198074111305
76561198019903244
76561198074914239
76561197974111962
76561197999593600
76561198084308496
76561198079473649
76561197998998021
76561198004664976
76561197993431457
76561198032044343
76561198064029900
76561198027029862
2418012654890389"
76561198110540745
76561198093019917
76561198087715974
1917592988252294"
76561198846455219
76561198051861253
76561198106893222
76561198042328422
1680630605325105"
76561198326457928
76561198000420937
76561198287448245
76561198160757180
76561198044116957
76561198111541571
76561198071148571
2439864459372834"
1923660057645026"
76561197972404007
76561198048121325
76561198013759617
76561198156690187
76561198068761180
76561198120256201
76561198024127563
76561198000446056
76561198051002547
76561198362616551
76561198058655780
2044949055575144"
1770049929699854"
76561198391985604
76561197981407416
76561198025375727
76561198033204831
76561197982304732
76561198012717466
76561198020853400
76561198090623226
76561198000564655
76561198030869521
76561198038860269
76561198045840307
76561198061233612
76561198063512409
76561198047640134
76561198059131800
76561198023164555
76561198812650060
76561198050265973
76561198128992392
76561198065053807
76561198058811414
1719736951402527"
76561198042983009
76561198067235865
76561198072936762
76561198021012536
76561198129811545
76561197962462339
76561198052658285
76561198044400587
76561198126401437
2383082351709243"
76561198078736848
76561198037622805
76561198324583728
1806442192753991"
76561200714124850
76561198092357295
76561197967195872
1916282491739757"
76561198152680341
76561198069718600
76561198092235329
76561198036359259
76561198018724740
76561198053335931
76561198027052861
76561198467984452
76561197972878927
76561198059163203
76561198134928388
76561198255897745
76561198035141513
76561198073052944
76561198285289547
76561198415051711
76561198054870816
1711716658936239"
76561198098098556
76561198074356861
76561198452086494
76561198056270685
76561198110147969
76561198388906264
76561198396503948
76561198050157639
76561198032092519
76561198045419727
76561197973641927
76561198055516280
1653734784704895"
76561198402248836
76561198129881455
76561198073241255
1823588024395535"
76561198983375316
76561198033285285
76561198017788709
76561198271289042
76561198606054264
76561198019978792
76561197970951473
76561202043514544
1752210291526131"
1723621264358624"
76561198178282284
76561198073236016
76561200683062903
1950622558292936"
76561198075985402
76561198041049553
1936412913050146"
76561198110584852
1828675323857168"
76561198197892051
76561198087789300
76561197988298137
76561198041704534
76561197983457620
76561198030426939
76561198021288135
76561198025292966
76561198037053760
76561198077851789
76561197966817517
76561198116675211
76561198053523136
76561198053670267
76561198078947306
76561198094322739
76561198007805684
76561198079879494
1823730104386473"
76561198050160678
76561198057010504
76561197983200911
76561198119534138
76561198356774489
76561197999797812
1973851129305428"
76561197994311096
76561197999532036
76561198013160509
76561198103266056
1956691087715360"
76561198011503412
76561198008700723
76561198103754172
76561197988540494
76561198038099100
1712336542215174"
76561198044368938
76561198068640162
76561198328715748
76561198025752933
76561198006845315
76561198038123564
76561198097765309
1510230702422582"
1833323440022502"
1732037900225682"
76561197995128137
76561201399458511
76561198379254170
76561198051422556
2040395049305980"
76561200919088617
76561198035339601
76561198134897387
76561200694717920
76561198157189627
76561197968182183
76561198041874942
76561198046948134
76561198156462463
1902660809784325"
76561198016249039
76561198019083468
76561198313110968
1574674162655431"
76561198339007102
76561198368756147
76561198258785839
76561198851761155
76561198171454065
1351834884918096"
76561198116736698
1518826898245153"
2147250948623317"
2053481781392708"
76561198013185827
76561198399721172
76561198289337457
76561198001458817
76561198050102200
76561198000481965
1702395649886492"
76561198069068453
76561198063501919
1422780714493198"
76561198071339898
76561197962089224
76561198364435976
76561198051428126
1806950336052673"
76561198058641855
1671728376197517"
76561197998383641
1846968408698177"
76561197979947073
76561198368086486
1751352418289591"
1504663682989076"
76561198294135190
76561198125513657
76561198066851449
76561198005546820
76561198121507888
76561200479703734
76561198012141708
76561198045143706
2040990409275705"
76561197960686875
76561197999085937
76561198067603634
76561198092263425
1597978426967904"
76561198002380930
76561198263351810
76561198069236492
1676031565851455"
76561198017700743
76561197970510116
76561198149016928
76561197990986870
76561198121029028
1527831047323030"
1815382195191567"
76561197997151193
76561198099210758
76561198830405118
76561198064249402
76561198101841617
76561198064197171
76561198065928744
76561197987300375
1717897374932216"
1949320175112512"
1703170579772360"
76561198025195268
76561198077516508
76561198035776315
76561198277394113
1501130500014421"
76561197983364940
76561198097715566
76561198201086159
76561198073335344
76561197975863974
1530987787029669"
1741073079293757"
76561198083548342
76561197972501993
76561198072323565
76561198041673203
76561197968599636
76561198077235275
76561198406132478
1657557177692615"
76561198084020124
1387346184701967"
76561197968181821
76561197971066054
76561198062537728
76561198044532935
76561198065039372
76561198141567822
76561198145694358
76561198066041343
76561198008189385
76561198012960567
76561198049435618
76561198006797075
1678933708888451"
1812028965543497"
76561198057363203
76561198059430245
76561198092557895
76561197964105854
76561198056280771
76561197992896444
1574008189395613"
76561197971152778
76561198137979838
76561197980703115
76561198110458421
76561198391876210
1510047282457368"
76561198095999571
76561198467467336
2051857448167577"
76561198060425268
76561197988778399
76561197969095744
76561198006341765
1892787060785572"
76561197998117236
76561198078899676
76561198123255618
76561198039019439
76561198055700278
1504980222936214"
76561197976308132
1799149220172085"
76561198036620858
76561200184384966
76561198286902817
76561198041628777
1706304892772312"
76561198119573755
76561198049493123
76561198118793713
76561198107054286
76561198104488632
76561198065444808
76561198802956051
76561198032241465
76561198226084760
76561198027105272
2193719570680168"
1930346650371195"
76561197990614472
76561197963931134
76561197997690308
76561198367342677
76561198034372923
76561198308551755
76561197970312757
76561197985201557
76561198056941725
76561198049521682
76561198026491857
76561198216521777
76561198191872594
1566069896855390"
76561198140961833
76561198363246575
76561198176227942
2138970682798178"
1678635258840950"
76561198138533062
76561198066253129
76561197962341674
76561198145441573
76561198131026301
76561198352332890
76561198258549988
76561198030783943
1954245311313635"
76561198115897038
76561198025421810
76561199012002564
76561198027234096
76561198044829240
76561198096287046
76561198019004907
76561198140442006
76561198838433852
76561198066024748
76561198157821103
1723006664483066"
76561198009375126
76561198291133474
76561200449023397
1623605591087007"
76561198052911688
76561197972906457
76561198020001861
76561198070954075
76561198001965935
76561198031697833
76561198191583702
76561198054167065
76561198057169784
76561198321173656
76561198015156965
76561198019655943
76561198206367384
1275782342524882"
1933572160050891"
76561198454494558
2113031958737622"
1689468147810198"
76561197965521924
76561198844596766
2088535081187698"
76561197983320012
76561198083259312
76561198119964028
76561197994612710
76561198018994765
76561198010013918
76561198108593890
76561198031829081
1939475599409839"
76561197987827454
76561198059820475
76561198054434814
76561198004183242
76561197969200052
1959908314082329"
76561198217421417
76561198051733247
76561198464405763
76561198042131750
76561198061276269
76561198114019875
76561198017550721
76561198158509169
76561198006259586
1835500009835582"
76561198061785369
1923810214350717"
76561198047391371
1955895021149779"
1830631240331261"
1646399975476048"
1715844625149392"
76561198042021201
1652970248127940"
76561198093248399
1963462920390390"
76561198111605078
76561198101191963
76561199846407989
76561198039574373
76561198076184830
76561198139684173
76561198047718639
76561198086148365
76561198012406262
76561198079237039
76561198147763549
76561197968671154
76561197978721043
76561198065964061
76561198038714721
1907883089286521"
76561198003203211
76561198031652048
1680446025324672"
76561198027044587
76561198041221758
76561198107081123
76561198167029614
76561198028369739
76561197969516084
76561198094076775
1853927891326166"
76561198429612533
2005287572877095"
76561202196055127
76561197998582914
76561198023004102
76561197981484450
76561198288602769
76561198015848681
76561197993236957
76561198184283278
76561198034654367
76561197973161165
76561198062415725
76561197960270781
1828039913923723"
76561198041839946
76561198042915981
76561198068761713
76561198141012145
76561198058372984
76561198274721921
1806500679439990"
1962909933733899"
76561198054467799
1634649499984531"
76561198005593847
76561198179681082
76561197970844437
76561198026706693
1723105717777748"
76561198304164023
76561198311948307
76561198023743829
2035007479874748"
1960957363949210"
1674292689329190"
1973601395983245"
76561198113003276
76561198077343629
76561198053065229
76561198065854884
76561197966641918
76561198042033390
1950706054949949"
76561198084836370
76561198026984568
76561198158590212
76561198052687122
76561198082703836
76561198063195477
76561198133607679
76561198168080083
76561198319810781
76561198356076039
76561198035738821
76561198344791755
76561198099023376
76561197996239560
1880102958716256"
76561198127971894
76561198014726984
76561198004692885
76561198000568711
1595272050582057"
76561198021331693
1723435994372992"
76561198980519885
76561197984817626
76561198079642693
76561201294141408
76561197970369033
76561198119610366
76561198065442118
76561198086224929
76561197969471468
76561198018451406
76561197969633477
76561198037219865
76561198042464366
76561198350505605
76561198081384449
76561198825167400
2327250693966635"
1669529343157743"
76561197994058998
76561198060770000
2246913582000356"
76561198010676955
76561198357950631
76561198062612093
76561198080323495
76561198036531322
76561197988573190
76561198067644931
76561197963521179
1634144340035993"
76561198048779054
76561198021397076
76561198012850308
76561198011139877
76561198035438468
76561198012841179
76561198013939138
76561198034428436
76561198246111024
76561198813381794
1680593405328292"
76561198111929558
76561198014745306
76561198057762341
76561198846099543
76561198226962292
1786570781386219"
1683191888444424"
76561198052349112
76561198019786304
76561198060316523
76561198095362584
76561198006354001
1823743984313500"
76561197964253968
76561198002558990
76561198081587349
76561198038458638
76561198044512716
76561198047705110
76561198055826422
1911079012236269"
2254189068034572"
76561198053052692
76561198023027348
76561198219363755
1774277079294364"
76561198071182640
2040625149342855"
1726150654174878"
76561198024383598
1967708503263885"
1968388189872982"
1845417995549396"
76561198051765043
76561198058596049
76561197970111106
76561198060250447
76561198138017408
76561198021732866
76561198149250679
76561198008875321
76561198201195791
76561198055279831
76561198836973514
76561198253912079
76561198029318189
1747675431976145"
76561197985703663
76561197993665883
76561198814540612
76561198075321650
76561197985687966
76561198048020238
76561198035756471
76561198053789808
76561198019122813
76561198046421054
76561198031027292
1762445317182781"
76561201454106662
76561197979720704
76561197969406537
76561198003527598
76561198145427162
76561198159182412
76561197990368668
76561198120311379
76561198081087088
76561198262252271
76561198546785617
76561198355825555
76561198015482734
76561197995663996
76561197996558357
76561198028618786
76561197984853056
76561198051007908
1954152964596548"
1753915584688556"
76561198096395980
76561198126565228
76561197979238518
1729230147170493"
2122414004441142"
76561198004449442
1636590159728609"
76561197978841518
76561198047603503
76561198084171246
76561197973881768
76561198005613402
76561198119434022
76561198084915553
2243775258996330"
1791070904286169"
76561198053987261
1816729881705213"
76561197987547044
76561198333111585
76561198084695131
76561198060900555
76561198041308643
76561198093953533
76561197975842277
1752883648112072"
76561198040064079
76561198147613934
76561198058393924
76561198130092504
76561198040774139
76561198033672296
76561198396047914
76561198037158325
76561198027674832
76561202006675242
76561197971837967
76561198126317258
76561198034467497
1809941229088416"
76561198016139425
76561198292622169
76561198036699799
76561198041887772
76561198017228928
76561198024084372
1605345969587866"
76561198036268280
1972323762791309"
76561198385276410
76561197960466925
76561198141156890
1782061751856804"
76561198041119047
1795197127204844"
76561198063827734
76561198065699448
1816845768352483"
76561198468325858
76561198117148091
1468357506599552"
76561198134557884
1537247449718378"
76561198077786019
2131662213571596"
76561197975655296
1995586767183014"
76561198832433468
76561198039118196
76561201255602006
76561198058110774
1586771421448441"
76561198001938720
76561198081112962
76561197965468636
76561197968622414
76561198043839493
76561198051741533
76561198006279537
76561198069456734
76561198143244696
76561198066907789
76561198069650796
2110974248943060"
76561197999413942
76561198049556458
76561198065806705
76561198103407661
76561198027070773
1753321398049059"
2039594736115061"
76561198028556364
76561197998155765
2237261276292010"
76561198021794724
76561198070233549
76561198119669382
76561198145126392
76561198029367149
76561198164127452
76561198017892465
76561198086388946
76561198030521457
76561197974750069
76561197995879289
76561198343044567
76561198156185259
2111224838918503"
76561198057780531
76561198027468571
1533203650117446"
76561198067359144
1664214840364351"
76561198240089324
76561198011863018
1985034158208025"
76561197965137291
76561198071102538
76561198059132145
76561198350981508
76561198148309691
76561198164696143
76561197994221529
76561197967656852
76561198000965176
76561198836148134
76561198159477936
76561197999307009
76561197961409540
1290316327737877"
76561198004188981
76561197970408848
2061418977221181"
76561198015641760
76561198089027102
76561198113349811
76561197966489408
76561198145658310
76561198005714067
76561198067110316
76561198030131929
76561198042606097
76561198080673315
76561198073666479
1763493747075133"
76561198099606046
76561198134044669
1714434698633012"
76561198059203528
76561198042726417
1580049232090232"
1625838020851181"
76561197965928727
76561198087003812
76561198076416622
76561198261324830
76561198073425642
76561198271933971
76561198064799221
76561198078978236
1713537052029354"
76561198203092441
76561198015751048
76561198029259105
2044410128966724"
76561198015672731
76561197999416812
76561198054016353
76561198031855200
76561198043764535
76561198074237822
76561198274759787
76561197986367085
76561197988896426
76561198033245284
1951174408289458"
76561198014503366
76561198713732164
76561198112836078
76561200182297695
76561198054487316
76561198086466858
1633476900105738"
76561198000619262
76561198202719865
1607538706025576"
76561197981608912
76561198055261582
1837858992944279"
76561198092138803
1715164541915692"
76561198008320826
1671963272924826"
1771927812883218"
76561198009199652
1574035062725659"
76561197996472747
76561198015089858
1851342764904176"
1709389419179437"
76561197999922415
76561198105082803
76561198110855352
1731556720258585"
76561198093845254
1823767411037502"
76561197961394437
76561198046909247
76561198134467072
76561198225196256
76561197993236716
1589647231145706"
76561197988460569
76561198094324951
76561198015840495
76561198472001901
76561198822049244
76561197999524371
76561198360780528
1986000138138807"
76561197991715753
76561198023604581
76561197996779129
76561197964580590
76561198185558782
76561198025804307
76561198007967529
76561198381591319
76561198085390486
76561198101686665
76561198068755771
76561198034174695
76561198085154968
76561197973143439
76561198112764011
76561198119266337
76561198213811593
76561198071370271
76561197961166715
76561198321499879
76561198199930965
1796000877184537"
76561197975171584
76561198123243555
76561197976191960
76561198024888904
76561198056208197
1670935236323705"
1654135941349536"
76561198030700770
76561197992095572
76561198098976333
76561198032644893
76561198005523998
76561198083165362
76561197966317628
76561198099475691
76561198010160493
76561198128860027
76561198012593860
76561198092410628
76561198100717880
76561198007852909
76561197992565191
76561197972618474
76561198141557571
76561198029834433
1961443437222492"
76561198230857380
76561198055415936
76561198146123504
76561198152020294
76561198087998781
76561198060871486
76561198404401747
76561198038972364
76561197996515766
76561198058233575
76561198280113978
76561198286536602
76561198024975739
76561198073679934
1953570021334305"
76561198093351287
76561198056777811
76561198112459696
76561198075395300
1691496154268988"
76561197984751343
76561198010978986
76561198034532486
76561198014933293
76561198241291603
76561198186210505
76561198066645765
76561198144387407
76561197980465340
76561198090301657
1494433400663353"
76561198059141525
1950737028301652"
76561198058783015
2005573279475450"
76561198044195445
76561197996438236
76561197997709125
76561198061184913
76561198033822135
76561198037556855
76561198206182573
76561198812904854
76561198088811879
76561198032554547
76561197982305958
76561197982336865
76561198159669139
76561198032783147
76561198025661354
76561198041332333
1775113329248109"
76561198057907056
76561198328482621
76561197970527769
76561198056483354
76561198118423026
76561198075292005
76561198042001274
76561198799633009
1760774467325380"
76561198026278944
76561198010552214
76561198142763588
76561198050668067
76561198134653360
76561197968872108
76561198022444563
76561198164919979
76561198097066656
76561198107197437
76561197989769118
2002578286482291"
76561197998153758
76561197980137539
76561198088869709
76561198042660437
2006105609423300"
76561198076365405
76561198133982539
1749188328506915"
76561198261011736
76561197967847401
76561198911149505
1525284597599033"
76561198025318767
76561198023628621
76561197962246723
76561197970595985
76561198048945121
76561198126872091
1774814559243000"
76561198049813074
2082377901833613"
76561198084096571
2212748435436923"
76561198045271288
76561198016940444
76561197987880586
76561198911291929
76561198006878568
76561197993644266
76561197995410193
76561198144680534
1470601986383538"
76561197967116801
76561197977492957
76561198129050335
1884443074909523"
76561198066554967
76561198433253488
76561198035228553
76561198155822039
76561198097621704
1268725429897875"
1989486404436988"
1961934547202510"
1689477874475970"
76561198358991736
76561198315961557
76561198012220997
76561198117476631
76561198027679301
76561197997628365
76561198044882804
1819437898119713"
76561198080590088
1792869150794691"
1606819119430155"
76561197999648336
1874500995913575"
76561198232521832
76561198030957772
76561198045634895
76561198016071150
76561198020656472
76561197990229240
76561198083547339
76561198020651741
1753252614697154"
1935175073183128"
76561198048502027
76561198043919988
76561198041514734
76561197980397086
76561198066525274
76561198082356616
76561198012902413
76561198134001885
76561197989039922
76561198088761981
76561198033290211
76561198010206984
76561198351164377
76561198296987439
76561198140605854
76561198022241170
76561198015746769
76561198083239765
76561198007099938
1554350088020539"
76561197991430390
76561198080861943
76561198055496183
76561198025258152
76561198061387125
76561198065384111
76561198207958796
76561198002420464
76561198452018998
76561197971107581
76561198277354270
76561198286845184
76561198244206280
76561198064316556
76561198131836336
76561197999959331
76561198281208519
76561198064354602
76561198103170320
76561198076434625
76561198025417075
76561198346110597
76561198048498652
1474127262687642"
76561198053473792
76561198027604840
76561198051445459
76561198069796561
76561198006719581
1738956146222488"
76561198060457757
2040247952712083"
76561197961680848
76561198000040771
76561198025709306
76561198049312963
76561198056499877
76561198151343055
76561198042154846
76561198080777742
76561198025738896
76561198112748551
1622548184480200"
2266166856741715"
76561198009343191
1752970828157064"
76561198168095601
76561198085252063
76561198036547547
1667295883389027"
76561197966546933
76561198027463849
76561198112338581
1794075533985624"
76561198059022431
76561198087653079
1909256222482958"
76561198064000500
76561201888063762
76561198138739190
76561198045505347
2315511945156468"
76561198117609969
76561198148451446
76561198071734440
76561198003000515
76561198104649325
76561198119734608
76561198024200490
76561198247952878
76561198054681633
1898257106863022"
76561198032563085
76561198025607166
76561198041365647
76561198080571031
76561197971322419
1999742520078282"
76561198255709225
76561198809959405
76561198078250876
76561198810126804
76561198070058208
76561198021743034
76561197990940863
76561198047814414
76561198036244764
76561197983414665
76561198123499734
1950751441610549"
1970526229647506"
1430798777025691"
76561198335898632
2176984675708973"
76561197971005893
76561198226526388
76561198037142425
76561197970375298
1644282758988137"
2137523382944511"
1686574271426366"
820043608119657">
76561198844210325
76561198108268017
1610757175640055"
76561197993061486
2165234643494179"
1677108745741328"
76561197999661322
76561198010853807
76561198059296789
76561198030344179
76561198056047720
76561198402023199
76561198114132513
76561197981074769
76561198025281923
76561198236521336
76561198000671078
76561198036657945
1672922166126609"
76561198411312457
76561198002135489
76561197997681451
76561198018598274
2201161109924828"
979620372163119">
1644641745643782"
2087792267959590"
2061926517214460"
76561198043875208
76561197971010722
2010920915645966"
76561198083166193
76561198035362505
1603031553079834"
1941671652571281"
76561198148036616
76561198005843217
76561198041620388
1659248274111395"
76561197973293922
76561198836486406
76561198019651197
76561198008464652
76561198022733721
76561197998417390
1600202183439608"
76561198019680492
76561198286529434
76561198061250775
76561198070182206
76561198006632854
76561198041374840
76561198052789520
76561198038355799
76561200380501150
76561198021181164
76561198002970436
76561198080584533
76561198064015846
76561198058928097
76561201495484223
76561197970807614
76561198073056184
76561198433005785
76561198080737010
76561198057901522
76561198037076693
76561197986697360
76561198036635632
76561198263271709
76561198008461111
1567706083327137"
76561197961382208
76561198083032573
76561198178079574
76561197978199897
76561198129845179
76561198025074267
76561198156117971
1750725095015646"
76561198098838774
76561198838762239
76561198104567285
76561201586915405
76561198039276425
76561198053097501
76561198102662515
76561198026287754
1971194246238384"
76561198072786789
76561198047620706
76561198005437358
1732186320194157"
76561198070075197
1910483008970604"
915990395192392">
76561198018120293
76561202097641463
76561198044975340
1368431673256660"
76561198061726146
76561198075892983
1952616928142715"
76561198091146543
76561198108796821
76561198101087689
76561198059556394
76561198062503194
76561198058327776
76561197993658380
76561198015426148
76561198148313134
76561198196793350
76561198017657579
76561198079586312
76561197983094041
76561198106675213
76561198340989687
2283436161666855"
76561198003903982
76561197971048219
76561198335995472
76561198098350674
76561198057676581
76561198259168447
76561198006491896
76561199677515097
76561198018658993
76561199071998567
76561198003046455
76561198041666130
76561198055146525
76561197963507186
76561198070549598
76561197984939830
76561198335460682
1922749607785604"
76561198044571818
76561197978221801
76561198272009549
76561197967346751
76561198008636175
76561198127672674
76561198089235459
76561197990131331
76561198109032275
76561198402753233
76561197999768893
76561198080484451
76561198012345176
1698037653607633"
76561198077850482
76561198122904868
76561198026763310
76561198082717630
76561198098921228
76561198004917431
76561198045743247
76561198006728053
1932933586748907"
76561198008194907
76561198064820284
2031491103528694"
76561198037020051
76561198002420452
76561197998165030
76561198069249974
76561198012915456
76561198313765074
76561200559346972
76561198132018478
76561198048594862
76561198011490323
76561197963335794
76561198161552707
76561198362809078
76561198072390154
76561198037394660
76561197985547386
2150625068285482"
76561200221540210
76561198044171216
76561197963810014
76561197991056594
76561198033986427
76561198017201497
1867465056632228"
76561198006989353
76561197967130267
76561198041117535
76561198118039523
76561198030727182
76561198065644541
1988405377898611"
76561198013975276
76561198027113425
76561198082538546
76561197993193264
76561198060319327
76561198283197016
2418037144888436"
1567678286692629"
76561198039278148
76561197970163099
76561198098531524
76561197990739107
76561198068172225
76561197964347337
76561198842242698
1572802852826505"
76561198384683782
76561197981711819
76561198042056685
76561198079441803
76561198098172156
1615727365216933"
76561198030326598
76561197989877834
76561198023012777
1891219077583140"
76561198158638531
881191122005400">
76561198447464042
76561197993722965
76561198016070169
76561202192797916
2061117940596662"
76561197960303615
76561198081388476
2024595074219849"
76561198053978182
76561198096693920
76561198135004752
76561198062635276
76561198057756482
76561198141208995
76561197960878904
76561198258882195
1324558520978093"
1748146971919661"
76561197965916619
76561198302507112
76561198133630041
76561198025724101
1546839945414476"
76561197999005906
76561198028260484
76561198059524861
76561198018711454
76561198042941522
76561199372348736
76561198089319395
76561198025223796
76561198123782200
76561197998310986
76561198064311399
76561198020923091
76561198032463146
76561198065993240
76561197961137797
76561198116804537
76561198025502033
76561198851386624
76561198003477609
76561198018970153
76561198082009169
76561198067631752
1665707123482670"
1454125711359183"
1659682510747833"
1829624080413806"
1645102242277679"
76561198000462493
76561198008819305
76561198084713836
76561198395493791
1624790950976341"
76561197968369412
1851564168200154"
1653011438145763"
76561197964212380
76561198134511559
76561197966615511
76561198138990143
76561198170063389
76561198002262294
1592221517571247"
76561198047516345
76561198403268199
76561198115534343
76561198148447846
76561198016221016
76561198072920443
76561198095979195
76561198024467022
1638334239578422"
76561198013760806
76561198405643045
76561198055995050
76561199976399809
76561198008757388
2074362492575017"
76561198043409387
76561198027268079
76561198113145499
1793000544099328"
1929249987147372"
76561198087601351
76561197997577522
76561198035305504
76561198103101734
76561198144630125
76561198171846518
76561198090930585
76561198030561887
76561198009514755
76561198122363981
76561198141374793
76561198067002697
760718010718882">
76561198277719597
76561198066233203
2231891463495651"
76561197990936306
76561198062967219
76561198087366406
76561198000254018
76561198065276078
76561198814887711
76561198036359445
76561198143041544
76561198071614503
76561198100193892
76561198009354098
76561198040905197
76561198060579214
76561198176036657
2096330080438612"
76561198799731586
76561198049993053
76561198072642633
76561198076664624
76561197963162161
76561198138887930
2236135623080923"
76561198187374882
76561198069525634
76561197993573014
1764085750337676"
76561198118863352
76561198030075047
76561198147758085
76561197986871156
2029459243754338"
1729398930472623"
76561198013656700
1689489927771760"
1792846194102168"
1919528791420052"
2186426214730809"
76561198095194950
76561198053670125
76561198252134410
76561198025822569
1783208588425784"
76561200511040457
76561198011749063
1495064933953980"
76561198031615259
1846631432098478"
1748911758529829"
76561197996184507
76561198012784198
76561198031985224
76561197979913395
1673519879422505"
76561197985167130
76561198157250243
76561197997879812
1723548404431711"
76561198044762695
76561198083585250
76561198177730251
76561198049657904
76561197987114469
76561198092074725
76561198116582761
76561198167460349
76561198031905606
76561198025370085
76561201632335844
76561198098114723
76561198154687997
76561197972125413
76561198002912219
1953346311366202"
76561198120613128
76561198032305987
76561198374003036
76561198096151314
76561198082527497
76561197973079933
76561197970820527
76561198043314844
76561197970319392
76561198169929043
1739773539471502"
76561198184532502
76561197998731612
76561198349329963
76561198077217272
1818652758196860"
76561198056511281
76561198201448417
1819163908162810"
76561198040637187
1742447592540533"
76561198122174878
76561198035454262
76561198035720110
76561198059656035
76561197981029169
76561198019428685
76561198045423129
76561198410892383
76561198056607098
1623455321085169"
76561198042018036
76561198005245842
1865626866841510"
76561198311078053
76561198209176767
76561197984604237
76561198117239003
76561198028587713
76561198199785335
76561197993577308
76561198025411753
76561198015828735
76561198066035038
76561198131562014
76561198264516034
76561197967433797
76561198066527479
76561198323801646
76561198087835131
1857178320969727"
76561198126984635
76561198062206543
1982106958526286"
76561198158638176
76561197975177705
76561198024119150
76561198052332614
1802736256479972"
76561198023531465
76561198145808843
76561197984979445
76561198027700437
76561198067982491
76561198064820192
76561198002697719
76561198200891343
76561197992730102
2122267137845869"
76561198080999239
76561198114582584
76561198018961805
1909442142463661"
1808011549259880"
76561198105221846
76561198235799152
76561197977310450
76561198028256793
76561200651142183
76561198109340525
76561198025848088
76561198079525137
1663873867042580"
76561198018549791
2023084111066435"
76561198023861263
76561198229458324
76561198240891306
76561198054265509
76561198255259462
76561199462239133
1931326376941891"
76561198160749225
76561198306487681
1057572067701242"
76561198164504532
76561199270378541
76561198637216762
76561198339724451
1996475243717825"
76561198013620469
76561198069352649
2021993804531485"
76561198152174756
76561198006576322
76561198025394748
76561197997661600
76561198059500073
76561198093780378
76561198188109446
76561198132796948
1726213720804137"
76561198156558255
2502236569802195"
76561198057127470
2043323239075832"
76561198000721258
76561198028867266
76561198314406652
76561198014768915
76561198170169903
76561198126741933
76561198093131988
1781648975233513"
76561198314774605
76561198001697322
76561198143880879
76561198040134695
76561198166753082
76561198185957337
76561199607124835
76561198086308754
76561197993193949
76561197996495940
76561198139280454
76561198091930349
1692731390776731"
76561198035689073
76561197995019743
76561198045501106
76561198005607561
76561198101005297
76561198042526381
1972891199428660"
76561198024683789
76561197960716517
76561198013111221
76561198078072574
76561197971726523
76561197965325731
76561198245939462
76561198065669761
76561198064165141
2059840200755432"
76561198448775966
76561198156811084
76561199111161596
76561197995343443
76561197970342918
76561198065931158
76561198410908103
76561198093736047
76561198023666741
2053050861433358"
76561198037235240
76561198122656888
76561198227815160
76561198294566906
76561198007185740
76561198001519809
76561198119993564
76561201929283579
76561198059176502
76561198040966432
76561198083212155
76561197994449638
76561198030338321
733045226819808">
76561197961108105
76561198026849367
76561198271584555
1817648341632862"
76561198042557361
76561198335856838
2021127961252551"
76561197993266190
76561200516023044
76561198003290642
1969213539820387"
2001090239963752"
76561197982458596
76561198814330044
76561198080469498
76561198024189513
76561198215389281
76561198404757074
76561198151958771
76561198019645262
76561198014858853
76561198158076157
76561198052583740
76561198078560242
1799753623426515"
76561198027572185
76561197964636851
1765263713555937"
76561198051782091
2059402264089694"
76561198302348402
76561198115920332
1959223930788510"
76561198120533840
1612315575490086"
76561198315891792
76561198143193283
76561198212662280
76561198074025197
76561198056038962
76561197988585414
76561198169043883
1792285327530613"
76561198004871313
76561198042190907
76561197996670136
76561198098373476
76561198046580940
1729492070485243"
76561198046893695
76561198331616516
76561198124970545
76561198026354085
76561198089867511
76561198244599666
76561197961218421
76561198341855679
2031830343526199"
76561198033787936
76561198268744044
1831996586882489"
76561199989966412
76561198070221280
76561198041219528
76561198011887505
76561198161279429
76561197968271729
76561198337961535
76561197965732379
2087380014637125"
76561198065557336
1616159528438531"
76561198045351079
76561198009774125
76561198012034243
76561198013744026
76561197967303405
76561197994023346
76561198096596377
76561198018460291
76561197986906538
76561198137546969
76561197995222914
76561198063166041
76561198137071470
76561198049886963
76561198113860952
76561198043966385
76561198090370365
1719216164864399"
76561198097298046
1588817777913531"
76561198043892192
76561198044475976
1912472258817858"
76561198000907339
76561198029116579
76561198048867191
1910588268962500"
76561197980898539
76561197979459548
76561198077742459
76561198091328783
76561198001531666
76561197996968634
76561198117830940
76561198102339188
76561197965585457
76561198359924296
1416613061778661"
76561198062339943
76561202132595985
76561197970609733
76561198303064870
1930856436938034"
76561198023791089
76561198217666207
76561200512245285
76561200212947682
76561198039896057
1771538929576345"
2019515594734717"
76561197977169160
76561198027752262
1570777626367646"
76561198065707946
76561198067677098
76561198043926153
76561198002523289
76561198110041129
2008767709182291"
76561198418842711
76561198340102472
76561197975436836
76561197966788108
76561197972553641
1684338834968001"
76561197998402528
76561198019488261
76561198078035082
76561198064090946
76561198804081609
76561198069778860
76561198013806491
76561197999431010
76561198101793869
2124776484208358"
2097944643567088"
76561201259224271
1560279290765923"
76561198220634331
76561198083773433
76561197995234811
76561198191232328
76561198176736266
1695778167165820"
1672709079444971"
76561198090723304
76561198108629367
76561202058756675
1953856694686704"
76561198119698817
76561198056009509
76561197982519360
76561198079506896
76561198088840487
76561198312598997
76561198009391873
76561198013167370
76561198066479075
76561198028103975
76561198035676580
76561198003885158
76561198059303085
76561198299160044
76561198125038031
76561197997787783
1833529423372958"
76561197970874714
2473855382640447"
76561198041755565
76561198133843234
76561198042641203
76561197968679741
76561198041316395
76561199170558581
76561198025289864
76561198352068041
76561198041120051
76561198002779877
76561197973424627
2231986983495461"
76561198009768871
76561198096387345
1743999152302885"
76561198091081239
1845987712132498"
76561198091047153
76561197973243135
76561197984153805
76561198117350016
76561198146818775
1702965796426090"
76561197998308827
76561198126151021
76561198007605066
76561198012956451
2003026826438595"
76561202066653789
76561198160254889
76561198164413541
76561198102124919
76561198062618997
1339683542799984"
76561197960368079
76561197985663858
76561198042153475
76561198065971484
1764127523647099"
76561198059965098
76561198606772790
76561198125491119
76561198093143676
76561198060538890
76561197960873513
76561198047713258
76561198014871575
76561198007136197
76561198798235597
76561198046297999
76561201698511416
76561198059285491
76561198059661007
1731743593528242"
76561198059813423
1819043438156572"
1818067878214477"
76561198066542733
76561198348782369
76561198042011900
76561198073001371
76561198024816787
76561197984482266
76561197988375476
76561198041439502
76561197977128968
76561198062340164
76561198043428685
76561198090066009
76561198074375047
76561198006006568
76561197968846335
1968503036524586"
76561198136706573
76561198239896112
76561198069386499
76561197975086843
76561197972994662
76561198042669105
76561198066189829
2103463843027478"
76561201865310092
1713971718639183"
76561198069725860
76561197985602485
76561198010017960
76561198257105353
76561198131399130
1811343835586849"
1729134387168849"
76561198025807410
76561198049236413
76561198111665522
76561198031368249
76561198070199535
76561198036310226
2114357745305423"
76561198136622932
76561198039101722
76561197999584355
76561198081759424
76561197994516821
76561198005677822
76561198119582473
1622020754519172"
76561198018144535
76561198040019189
76561198057730198
76561198084642141
1703727626411177"
1433794310053755"
76561198046307003
76561198275748273
76561198303359718
76561198214987584
76561198010841246
76561198064141739
76561198003694746
2135116123180300"
76561198041398124
76561198136321769
76561198056515971
76561197997052272
76561198022590948
76561198018568977
2246856805332417"
1721467371263310"
76561198012496439
76561198026696903
1683254268429154"
1774267059278186"
76561197993788963
76561198354589683
76561197980234996
76561198199316201
76561198095652537
76561198025053906
76561198362172673
76561198064433902
76561197966020344
76561198065955594
76561198806222686
76561198196976651
76561198029296795
76561198081195669
76561197997644757
76561198077552655
76561198850459610
76561197973813985
76561198037170135
76561198091888471
1917798908255053"
1683168931731089"
76561197970544211
76561198046391716
76561198069187922
1594926107291473"
76561198059675457
76561198053228764
76561198101889911
76561198012990344
76561198062487933
76561197967264409
76561198362418129
76561198341022905
76561198046132370
76561198071187847
1983900401681890"
76561197997890951
76561199476905674
76561198025315899
1709413935811660"
76561198010187722
76561198042672528
757219944401794">
76561198081435338
2085673614841197"
76561198068551726
1675029269289266"
2309728072376017"
2022031964538515"
76561198075521133
76561198130983021
76561197970761329
76561198049948543
76561198180151003
76561198087529695
76561197985805640
76561198102703456
76561198124247887
76561198012884084
2468455516513559"
76561197960871707
76561198021528948
76561198098938543
76561198046493311
76561198065232746
76561198105236908
1775119059239972"
76561198042740538
76561198150557429
1844365572251331"
76561198195218935
76561198056038470
76561198025183798
76561198060173775
76561198005118940
2225395917470859"
76561198007582038
76561198218065843
76561198191240737
76561198038864073
76561198819380094
76561198060780467
76561197962606597
76561197988245246
76561198020613038
1392000627570027"
76561198004408182
76561198328041769
76561198077898169
2298428803517116"
2060412997364575"
76561197993597474
76561198837556698
1971777466200073"
76561198051760566
76561198072058443
76561198068684681
1773970719345996"
76561198353220779
76561198008323919
76561198044024623
76561198041041062
76561197961765632
76561198004408914
76561198089622955
76561198207910689
1567429206719711"
76561198150545126
76561198069588408
76561198159479983
76561198004032333
76561198035091782
76561198021852147
76561198026218075
76561198170168051
1521376641321049"
76561197994542985
76561198346236138
1991296974236739"
76561198036538152
76561198011858748
76561198296979998
76561198082039237
76561198144485421
76561198103076540
76561198069243913
1680696105353657"
1971006116307942"
76561198165008916
76561198079053909
76561198042055565
76561201225653157
76561198038398765
76561197990079513
76561198052478550
76561198272301837
76561198058243174
76561198125029569
76561197986808773
76561198798825840
76561198091604238
76561198004423237
76561198195742209
1676114972474827"
76561197964203246
1608231212620929"
76561198045752084
76561197980306894
2009104142493497"
76561197960941322
76561198274725681
76561197972117747
76561198056776887
76561198024122500
76561198191908747
1634818339977550"
76561198302494188
76561197994414591
76561198018503428